54.36	15495040
58.26	15420692
58.99	15486768
58.45	15420780
55.49	15407708
54.45	15486672
57.55	15422260
54.38	14880708
55.31	15566852
56.12	15413664
57.61	15438164
57.17	15374112
55.72	15523668
56.45	15522348
53.53	15400972
56.54	13869508
54.80	15420328
59.17	13902420
55.74	15482028
57.34	15394136
54.46	14009408
56.06	15374144
57.10	13917396
57.21	15340272
59.41	15535744
58.21	15387044
58.44	13958644
57.81	15455096
55.01	15421020
54.05	15414696
58.65	15387032
55.64	13874732
58.08	15515440
55.40	15380596
57.63	15482908
55.31	15474548
55.41	15488624
54.44	15489440
61.32	13948432
56.51	15332368
57.46	15346720
58.51	15415624
54.02	15400108
53.92	15398936
63.07	15548768
60.03	14915432
52.32	15399024
54.44	15418788
53.97	15523788
53.35	15374032
53.42	15299612
53.52	15502088
58.92	15476204
55.65	15509008
54.71	15515436
60.69	15400880
52.46	14905176
61.45	15529144
53.96	15387788
52.39	15462012
53.87	15393484
55.79	15468808
52.18	15401624
54.61	15489528
52.95	15358336
53.36	15422184
53.85	15414212
60.58	15488776
52.59	15330740
59.55	13881708
52.00	15395364
55.09	15488656
54.79	15332268
54.06	14880600
53.48	15421224
54.04	15360604
54.32	15391892
55.26	15401188
53.64	15398820
59.00	15387340
53.01	15469752
62.38	13909456
66.00	13954072
54.34	15426024
54.69	15360612
55.63	13519972
55.38	15481968
53.16	15362568
53.21	15394020
53.26	15393268
62.48	15393928
51.86	14915528
55.20	15386796
57.57	15468472
54.65	15482264
63.30	15415812
52.21	15385096
51.98	15432516
55.65	15522616
53.55	15393840
55.38	15513988
61.49	15516700
54.88	15520116
64.89	13973940
59.65	13869156
52.91	15388136
53.29	15378564
56.65	15374804
53.55	15414560
52.37	15319208
53.78	15340212
53.64	15399060
54.75	13947684
56.02	15386784
62.65	15381188
53.62	15501600
57.81	15305944
53.89	15500012
52.83	15407540
52.60	15415052
53.75	15373500
53.69	15529400
52.84	15401116
53.71	15374956
54.83	15360428
57.42	15420864
61.17	15413644
54.91	15418948
62.96	15480176
62.70	13995868
56.44	15386616
53.19	15393840
56.97	13893412
54.17	15330908
55.81	15380504
63.43	15366940
51.73	15420396
63.92	15372204
52.10	14935136
53.13	15382652
59.30	15393880
53.70	15454756
60.92	15307608
53.97	15488636
52.64	15346832
54.36	15529388
56.19	15360024
59.84	15536152
51.12	15398480
63.40	15387392
53.12	15243636
53.72	15427592
57.74	15406744
55.99	15387252
61.24	15393852
54.88	15501716
52.90	15366896
56.70	15353848
54.13	15407228
56.12	15360428
58.78	15385244
53.87	15407568
60.15	15512692
52.67	15516260
51.00	13914468
61.39	15387168
53.50	15520280
52.56	15356056
52.64	15405276
53.27	15360436
53.52	15425536
55.05	15508920
62.64	15411168
51.99	15353940
60.80	15384576
55.05	15366972
52.32	15414268
58.75	15418696
54.47	15495444
54.12	13863692
54.08	15509160
53.53	15482392
53.28	15407436
56.04	15360336
54.71	15438200
61.96	15420736
60.55	13911348
55.27	15475488
53.57	15495568
60.62	15448452
55.21	15566500
57.17	13948680
53.40	13915400
57.69	15375552
54.85	15468608
55.90	13958212
52.57	15387172
62.34	15344804
53.99	15399092
62.18	15475412
51.20	13947664
53.87	15299556
56.69	15482080
50.89	15365108
51.67	15407552
51.29	15520016
52.05	14007656
50.77	13981120
51.07	15407296
51.74	15394004
51.18	15422988
53.71	13888224
51.21	13897964
51.18	15407520
56.65	13896432
51.12	15433904
51.92	15542840
50.67	15366456
51.32	13974564
50.66	15406816
50.82	15412252
51.69	15420824
50.93	15358088
51.76	15427688
53.92	15501404
51.63	13918380
50.89	13903508
52.18	15482148
52.39	15501556
53.14	15546720
56.00	13982636
50.34	13837312
51.67	15495820
51.31	15367176
52.00	15448396
52.77	15440284
55.07	14008292
54.47	13921028
52.40	13910644
55.52	13947204
51.23	15493576
52.04	13873928
52.26	13897324
50.49	15402560
59.51	15475536
51.04	15393404
51.33	15448584
50.93	15413920
59.57	15413584
51.84	15405484
53.02	13983744
52.67	15373536
56.13	15372716
51.22	15413748
50.33	15401064
53.58	15380500
54.77	15427068
52.04	13821240
52.50	13856972
58.74	13948140
50.94	15367868
55.87	13975588
59.12	15372008
52.37	13981148
55.54	15387096
51.32	15381432
52.47	15367704
56.29	15393852
51.67	15407632
58.86	15355844
51.66	15440784
60.04	15414508
51.71	15380120
56.35	15472980
59.45	15380128
50.99	15435656
50.57	13905984
51.89	15486856
55.28	15427656
51.06	15378264
53.65	15385860
52.08	13425680
59.59	15374856
51.41	15540180
51.01	15394024
60.62	15425596
50.52	13980024
62.11	13974420
51.00	15454552
52.82	13922972
51.76	15468796
50.76	13942612
60.69	14003268
52.04	15407496
59.57	13888344
51.30	15488292
52.53	15482736
50.98	13875364
59.40	13989892
61.52	15482024
50.87	15382020
51.51	15347808
51.75	15502040
49.85	15401780
48.07	14813720
61.12	13906396
49.98	13893592
50.96	15364972
51.82	15371560
58.11	13501392
51.80	15492876
51.10	13895336
55.83	13974280
50.99	13877468
50.82	15387292
50.60	13969620
56.41	13867260
51.52	15408972
56.60	15528884
51.95	15481736
59.91	15542828
52.84	15514972
52.17	13875796
62.49	15509168
51.44	15473428
51.67	15407520
51.71	15340156
54.78	15432360
52.11	15513500
52.40	13909956
51.11	15435168
59.95	15366940
50.57	15387864
57.57	15400896
55.04	15374072
51.78	15393748
59.70	13882684
51.57	15387412
51.61	15475484
55.64	15400860
50.99	15374524
60.94	15513932
52.03	15374900
60.18	15420432
51.80	15535728
52.69	15461460
51.01	15422144
61.20	15325748
57.95	15337484
52.30	15536976
51.72	15408376
51.09	15360644
52.74	15535692
51.41	15541428
51.33	13877740
50.99	13943208
60.77	13855456
51.19	15509240
62.04	15481632
51.56	15521976
50.92	15496280
51.31	15392120
50.76	15509828
51.41	15566228
52.59	15528516
50.58	15339868
52.43	13899780
51.74	15407488
61.78	15393880
61.36	15455236
50.94	13908288
51.29	13855472
51.61	15394664
58.80	15500176
50.48	15353300
51.83	13956404
51.48	15566124
48.82	14907556
51.55	15474920
57.71	14840536
50.96	15413860
52.40	14011260
52.20	13974536
59.64	15508568
50.83	15380604
51.09	13958560
50.96	13851416
56.66	15535236
52.33	13864092
52.67	13885184
48.72	13503400
54.11	15462172
53.14	15559144
56.35	14901240
52.07	15500028
53.93	13892712
63.11	15535256
51.77	15454804
59.09	13882444
51.60	15407096
56.91	15385116
56.62	15414248
55.53	15551156
57.14	15525772
58.23	15434916
57.09	15513036
56.44	15332444
56.34	13893508
56.78	15427524
55.30	15503552
59.03	15394040
59.13	15559724
59.73	15366964
55.24	15380240
57.38	13844924
59.56	13874264
55.86	15407452
55.68	15407444
59.14	15525604
55.01	15380048
58.23	15407040
55.61	15440896
56.73	15388696
55.26	13873192
57.01	15400920
57.40	13885012
57.02	15434364
55.61	15504924
55.42	15492328
56.62	13893376
58.04	13969400
56.68	15399540
56.40	15503516
59.12	15387292
55.47	15394560
62.06	15472564
58.96	15457056
57.53	13903440
66.13	15450668
56.45	15552484
66.03	15379884
64.14	15566280
69.03	15360904
70.62	15420932
66.10	15571168
59.95	15505396
55.58	15407012
56.25	15420872
55.68	15405204
60.83	15451928
56.60	15387072
62.34	15546056
56.85	15400440
67.33	15486336
62.50	13893328
65.28	15414028
57.08	15428144
59.99	15567000
57.16	15400304
62.36	15483536
58.20	15358248
58.19	15537616
56.39	15407976
66.93	15469968
69.95	15442384
55.03	13886952
66.29	13975872
55.65	15438228
57.04	15463556
55.82	15525740
61.84	15565644
56.95	15413460
58.60	15391920
55.94	15477968
65.58	15393316
56.37	15371484
65.90	15499192
63.52	15504336
56.95	15518940
54.78	15346096
57.56	15465424
62.30	15512092
56.37	15332272
57.44	15400844
58.41	15479580
56.76	15414192
64.88	13869196
63.78	13872384
71.28	13904356
59.19	15471960
54.69	15346764
55.75	15492816
61.62	15367732
58.86	14912996
56.62	15458468
55.43	15505508
69.54	15338740
54.87	13874468
61.73	13829844
65.50	15525804
55.47	13964280
57.78	15532704
60.55	15330804
59.20	13986844
54.71	15346740
56.93	15414052
63.43	15420980
68.71	15559604
57.08	15465212
71.41	15400680
63.38	15406956
61.44	13892028
59.10	15428900
57.02	15486144
56.86	15566320
66.07	15353292
55.35	15360296
59.05	15485568
60.64	15485572
62.73	15387408
56.93	15414172
68.92	15408108
61.01	15428124
56.48	15398852
55.88	15525596
57.50	15425096
68.55	15512448
57.47	15393888
57.04	15471856
58.62	15421580
63.53	15538776
56.93	15411984
64.58	15394004
55.57	15391812
55.56	15406848
57.15	15367880
61.62	14005032
55.27	15476784
56.65	15544820
55.74	13953972
70.47	15498412
64.41	15398420
64.61	15465552
64.76	15380488
59.46	15414012
55.55	15492620
57.22	15367680
56.87	15400908
57.15	15519052
55.35	15478680
66.55	15399656
57.13	15434864
64.67	15492424
66.30	15498872
64.71	15505632
57.49	15393312
56.81	15340568
59.46	13892312
54.65	15245460
58.86	15393768
55.86	15538836
68.40	15366504
54.99	15380604
60.75	14012700
66.22	15485516
58.87	15420212
58.46	15527676
55.47	15407332
56.87	15360416
56.45	15472808
65.22	15333436
57.03	13882152
65.34	13877784
62.51	15292476
66.23	15387324
56.56	15373608
55.42	14000584
56.28	15354424
58.68	15378512
56.85	15485968
59.95	15552072
65.65	15497020
69.87	15373344
56.40	15374144
71.11	15485632
70.14	15511744
64.10	13993624
63.53	15478840
54.89	15394512
58.29	15566860
57.27	14008504
56.84	15398824
61.98	15519036
55.20	14806664
62.49	15374472
68.72	13901884
55.48	15407364
62.66	15472212
64.83	15393428
57.14	15431688
49.12	15345524
49.79	15374060
49.60	15412180
49.01	13888004
49.20	15440784
49.05	13964336
49.66	14898356
49.23	15393988
52.70	15412436
49.94	14941708
50.57	15519736
50.36	15513048
49.46	15358324
49.60	15476784
50.07	15464928
53.38	15492092
50.23	15512064
49.85	15492116
50.16	13887996
50.20	15498904
49.17	15290664
47.69	14927488
50.35	15427400
47.60	14887840
50.80	15404724
48.06	14853980
53.23	15496684
49.91	15420780
50.16	15387452
51.16	13940460
51.00	13990072
50.71	15405508
50.17	15552452
49.50	15330884
49.07	13887076
49.68	15393320
50.22	15434160
48.91	15290156
47.06	14845892
50.65	13980520
49.66	13953872
50.42	15523492
49.68	13935096
50.62	15353640
50.39	15510148
56.92	15552412
50.13	15510536
58.10	13885936
50.23	15374520
50.68	15366912
49.85	15402180
57.94	15485356
49.15	14001400
49.74	15506148
50.40	15421524
50.04	15505512
50.12	15470576
64.69	15499144
50.25	15398260
49.83	15478844
50.37	15353808
59.18	15388088
50.20	15426996
49.90	13947644
49.92	15505488
49.84	15387300
49.67	15476800
49.92	13898264
50.20	15428028
56.49	15434240
51.07	13917672
56.16	15394692
49.27	15539068
52.88	15512656
50.42	13874908
57.20	15523668
49.49	15353660
49.76	15523664
50.06	15420732
50.25	15533532
49.76	15478872
49.57	15400812
49.72	15456376
50.00	15386868
56.82	15393676
49.13	15378172
49.92	15498604
49.25	15490332
57.38	13963964
49.23	15380256
49.26	13838840
49.60	15538932
52.02	15414956
49.80	15339712
49.56	15478296
50.51	15421588
47.63	14915156
47.51	14885836
49.61	15506204
50.00	15434336
49.32	15326532
62.06	15420760
63.29	15341396
53.86	15373488
49.84	15374196
47.16	14839956
53.35	15380008
49.85	14013412
59.97	13927228
50.41	15371996
53.67	15387396
58.36	13853120
49.93	15385316
57.46	15413552
50.34	15498852
50.37	13888484
50.26	15483404
50.18	15512412
49.28	15366556
50.22	15519144
50.51	15400844
50.22	15403056
50.29	15402924
62.45	15513068
51.24	13959380
50.55	15373904
49.68	15388024
56.95	13863824
48.82	15271892
49.80	15478216
49.44	15439808
50.08	15404832
49.15	15319592
58.99	15393972
49.23	15357856
52.71	15458696
51.66	15405660
59.03	15490276
49.74	15428256
53.10	15387476
51.20	13969228
50.73	15412756
49.97	13872264
49.35	15405784
49.66	15319616
57.40	15485020
49.35	15312932
58.10	15364864
50.22	15414196
51.60	15498844
50.01	15484992
57.54	15368144
49.33	15394000
50.21	15466860
53.23	15525580
52.19	15471908
49.76	15354900
50.12	15472864
49.73	15413572
49.00	15346764
58.06	15386084
50.36	15544220
51.33	15474764
49.65	13914868
61.42	15399348
50.39	15376144
49.54	15503860
49.57	13989508
49.93	15414788
50.09	15371944
49.98	13877692
50.29	15428976
59.69	15407372
49.95	15449900
57.88	15413688
49.01	15380560
52.66	15325112
50.61	15532064
57.01	15486372
49.13	15377908
50.72	15547436
49.87	15384652
50.11	15372636
49.91	15414860
49.63	15428944
50.94	13915188
49.72	15538964
57.13	15372544
50.17	15372048
50.24	15519764
51.21	13995968
58.00	15434272
50.62	15518944
49.83	15358200
50.21	15340160
49.41	15440916
49.77	15400956
50.75	15469556
50.23	15505596
49.45	15492132
50.43	15386736
51.98	15387304
53.60	13897524
51.85	15373956
52.08	15393404
51.82	15394784
54.34	15427492
51.15	15495096
54.58	15365184
55.88	15466020
50.70	15420352
51.07	15378396
48.77	14894976
52.64	15403128
52.35	14974752
53.21	15346564
56.18	15454384
52.94	15434388
55.66	13889264
51.34	15407688
51.35	15380448
52.27	13901588
54.70	15527212
52.97	15400856
51.24	15326640
51.13	15379932
50.68	15358884
49.94	15401052
53.95	13975872
52.50	13887104
50.69	15380664
52.89	15354560
52.40	15391456
55.16	15374228
54.46	15388792
55.47	15522316
54.50	15400528
49.98	15400884
55.95	14006752
54.45	15435048
55.41	15475496
51.32	15393896
56.67	13964896
56.02	13984752
60.73	15515668
61.93	15481996
52.77	15465952
50.69	15434344
48.76	14887692
51.30	15272780
50.62	13883712
55.83	15482356
53.68	15420416
50.39	15433648
51.73	15393388
57.52	13970080
50.44	15367288
53.25	13963176
50.61	15405640
58.38	13914540
50.23	13980388
51.64	15393432
51.46	15495452
53.03	13883168
49.81	15400204
50.38	13906408
51.23	15483548
49.48	15401540
53.71	15495484
50.38	15509208
59.62	15466580
51.20	15466352
54.11	15338180
49.99	15448568
54.98	15468308
50.66	13892724
49.81	15337588
50.51	15387312
50.30	15448064
50.70	15414252
59.03	15389972
53.46	15413772
56.18	15533356
57.92	15351164
50.22	15387340
58.72	15509180
53.71	15401016
50.55	15508580
62.67	15454728
50.48	15413884
53.51	15408840
50.65	15345612
57.92	15475408
51.39	15466468
55.66	15473520
52.37	13921596
51.43	15529216
62.60	15514168
50.94	15393464
54.55	15476732
48.77	14920908
50.74	15542916
60.95	15508884
51.23	15419640
61.44	15515196
51.38	15454960
51.15	15495552
63.99	15455784
51.11	15378648
60.42	15436388
50.51	15360460
50.39	15380688
53.87	15437092
52.89	15440944
61.03	13855684
51.04	15387412
57.95	15482408
51.33	15420932
51.69	15374008
53.72	15421032
58.81	15290768
51.92	15402504
53.46	13974872
52.35	15347212
53.77	15542772
55.03	15532344
53.13	13900264
64.74	13868208
61.42	13931060
53.22	13853140
53.97	15352584
60.29	15495540
52.71	15401064
57.88	14907912
53.77	15381124
55.04	15374096
51.83	15407444
53.22	15509800
58.04	15367696
53.85	15428376
59.78	15549540
50.88	15407460
49.93	15353992
50.20	15415088
61.04	15520348
51.47	15500156
50.82	15521916
50.30	15340028
51.71	13914392
50.76	15347664
49.86	13880464
51.35	15380448
58.55	15528828
50.42	15520456
57.69	15400988
50.40	15508788
51.43	13942060
49.70	15400352
57.42	15340100
50.94	15387812
49.64	13901024
50.14	15509088
50.76	15490856
53.92	15366472
60.46	13898952
52.72	15394056
55.98	15500668
58.44	13953320
50.31	15380124
61.36	15448412
54.36	13970428
53.78	15347076
56.93	13887268
53.01	15421920
50.69	15459772
54.89	15373772
59.19	15353900
50.39	15432212
50.49	14946572
51.41	15414456
58.65	13912920
50.20	15434256
52.78	15427032
50.65	13877608
50.05	15401036
50.79	15413424
51.76	15482244
50.62	15374668
51.66	13993060
61.34	15367064
63.00	15562464
53.06	15391748
51.48	15360556
62.26	15495552
49.98	15462652
57.72	13855636
51.59	15400476
50.74	15494808
54.77	15413744
50.43	14874188
