447.822988033
439.074890137
452.329032183
407.095378399
440.420254946
462.946331263
450.139307737
470.879285336
447.624711514
544.314919472
440.623977184
408.692957401
448.154526234
547.612438679
451.651563406
447.225872993
521.689995527
466.646845102
464.475705862
440.439117193
470.282328129
458.229186773
401.8393929
447.137485981
479.207767248
443.512464523
449.898020506
445.680940151
542.321777821
444.418239594
448.973846436
443.617287159
492.130105257
446.938532114
445.209156036
459.766259909
461.082412481
464.857891321
411.953472614
466.632307768
545.957298994
354.689865112
355.830537558
356.373659134
355.992639065
355.556642771
453.572916746
512.566000223
356.6221416
356.985681772
470.571822166
464.507087708
464.155151367
463.45530653
469.509986639
459.568755388
475.586569309
462.535346031
468.486370325
460.597679853
466.363446474
467.456012011
459.658663034
550.45057416
462.935954332
464.640671015
469.842921495
460.877252102
469.32960391
469.502958059
468.017339945
469.362015724
541.043903112
402.422111988
401.871775627
459.373015404
449.054862976
439.792116642
444.206732988
451.529969215
444.036449432
443.48273015
444.267741919
446.199319601
450.023369551
451.538532257
444.006719828
466.883653879
433.61104846
441.161380768
445.310600996
442.343185663
483.729088068
479.047690153
481.952917814
475.546094418
491.648344994
481.166506052
425.993316889
482.157052994
471.992497683
484.498412609
485.817611456
479.310359716
479.379038334
482.590201139
493.196016073
496.593160629
495.345325708
486.308187246
478.632141829
488.36443162
481.968186617
476.047223806
487.313754082
497.040898323
486.199454308
488.292860746
491.178594112
485.24437356
495.632904768
484.516516447
483.951097727
496.113079309
484.301595211
490.149589539
501.483714581
484.78871727
489.847049236
499.237096548
489.718774319
448.023373365
437.760797739
438.01832819
438.844702482
440.469582081
437.72290206
455.406357527
433.08786726
473.7468431
476.827193737
479.019580364
422.488475323
434.792339563
431.15924716
484.81816864
447.561268568
441.688158751
447.807566643
441.16566205
443.447672844
443.107013702
452.786783218
465.993970156
466.632191181
464.213789701
461.837264061
488.156919003
459.561146975
471.337222576
463.738177061
461.585287333
459.314690113
481.15882659
481.947063684
485.560444355
484.138575792
518.031555176
532.844161749
534.9595263
542.585096359
420.40837121
416.084319115
421.420625687
344.589136362
343.730559111
344.421116352
439.386862516
486.460000277
415.699277401
417.774840593
416.476582766
344.38786149
444.999028444
473.643188238
425.044574738
511.051123619
466.985225439
538.353312016
519.504313231
516.513767004
519.008059025
420.398872852
421.566441774
424.568046808
412.087951899
428.033346415
521.984183073
528.274001598
440.70785141
433.338289976
450.629132509
535.015236616
440.433481455
439.968055964
444.544854641
437.372317076
485.364809513
539.569449186
501.085335016
499.042011023
429.603623629
445.224575281
460.881873131
465.889995575
507.571232796
328.189692974
466.811309576
464.402854919
469.297616005
473.695804358
498.823609114
504.565710545
408.789961576
502.110742331
434.266320944
459.444731712
434.865478039
444.637183189
428.523453236
448.864574909
406.013914108
415.445747852
404.109098196
410.907840729
432.877682209
516.431959867
508.838252306
413.414412022
508.348329544
505.393988609
509.635045767
507.032464027
518.118809223
511.855315208
431.259866476
509.166621208
435.293259859
440.24445343
441.783143997
438.832293272
436.005311728
455.205638409
425.843693972
456.601581812
457.738374472
458.865210772
471.310604811
478.273760319
475.331432819
474.651601315
499.398699999
432.43625474
468.7003479
471.289480686
456.972406626
506.577479601
399.802320957
399.844430685
408.233306646
426.383252859
426.602029324
430.331727028
436.987432241
435.867395401
451.844379902
397.552033663
396.805819511
508.863221407
451.330774546
444.733303308
497.167864084
503.890736103
512.726785421
524.136685133
430.188150167
403.768554926
426.066289186
443.075767756
433.070798397
433.051033974
442.212981939
435.646225691
426.692005873
497.151397228
453.97529459
457.814136505
458.213465214
440.098994493
467.412829638
475.785303593
476.3917377
430.211351156
461.182505608
467.708810091
473.026796103
438.084548712
433.156008482
431.469391584
434.988745213
378.882671356
416.674693346
408.790997028
408.941866398
436.305303097
431.369169474
435.000602245
451.350693703
405.664043665
441.190210104
519.36538291
500.534208775
433.277456999
505.793558121
433.850399494
530.51256156
435.779264927
432.227626801
443.084844112
505.22514081
429.304831982
427.405103445
440.894886971
433.96867466
450.179656744
427.949241877
449.027379036
457.645670652
450.455137253
436.332430601
433.218680143
470.274303198
467.065009117
450.357480764
472.662381649
473.771162987
396.741854191
439.867280483
413.101469517
434.49416256
439.123979092
442.099180937
408.782802343
409.767514944
440.272904158
413.426591873
436.40910387
434.333564281
449.361259699
505.13581562
509.729356766
436.927752495
528.758369684
431.665957451
425.488932848
513.599879026
508.920257568
437.027677774
436.208175659
434.461246729
429.269659519
439.446551085
437.435778141
434.765465021
457.225788593
450.950850248
430.763050079
425.834289789
434.867149115
435.924794674
437.055184603
397.043008566
420.802478552
470.552891731
451.532799959
392.098562002
441.814875364
476.339211941
466.706337452
408.02512598
393.106390953
439.965246916
435.250579119
436.360562563
404.434345722
433.418687582
435.38862133
431.979497194
512.650080204
501.551965952
520.889032125
441.490155935
433.941217899
521.306899309
440.757550001
506.704711199
432.431917667
434.070488453
433.256219625
432.785216808
433.905508041
430.728189945
439.730278254
386.80758667
438.184316874
450.490412235
451.209269285
388.881906986
425.874577999
436.181144714
434.624016285
424.565922976
434.473931551
474.759869337
409.149559975
411.51954174
447.232201815
440.056057215
435.071196079
412.786946058
432.496882677
463.317056894
484.47767663
433.623916864
434.167685747
433.504159927
447.487402678
377.66535902
441.475066423
406.823173046
502.632301331
412.188845634
385.468551874
501.969009399
440.857326746
437.298006058
429.638876677
394.056573391
439.035002708
431.937686443
442.435272455
430.787791014
431.306918859
440.42036891
444.810326338
418.398343086
443.543979168
453.583460808
467.574575186
409.072230101
438.170456886
425.746738911
425.442585707
434.388043642
437.659356117
469.022156477
460.418530703
397.088600397
432.885417938
424.388730526
437.296857595
435.535610676
431.765322685
454.931035042
479.25302434
478.479308128
474.554180145
385.845147848
440.279352188
433.796874285
396.087141037
445.94998455
394.819498777
502.286607981
440.61471343
445.45352006
443.2578125
530.202610254
413.831623554
443.677851439
433.790310144
439.635449648
438.367404461
440.96340251
432.303897381
426.837958574
440.847330332
435.470900774
431.411895514
436.963702917
438.363887787
435.896877289
454.981668472
456.069934368
469.733103037
423.786087036
451.303990841
433.557827234
422.342339754
445.120199442
404.347917318
397.402879
428.967989445
438.231594086
444.884171963
394.0139184
390.731724739
472.27030611
466.901003122
470.891965151
433.564525843
430.940222025
433.27785182
391.231804132
404.125076294
438.21509409
439.091227293
431.65346837
509.399979115
411.023912907
419.551728725
389.6784935
438.563102007
431.853256464
433.626796484
431.502850533
434.755455494
439.067325115
393.295737505
399.800668478
435.312748671
435.367624998
444.298645496
439.531781197
426.248190641
435.576398134
441.019979
429.099281073
452.892807484
454.902369499
422.760484219
460.111572981
478.700518608
433.975631952
439.901228428
433.437963247
459.604017019
456.473715782
412.858796597
460.181818247
438.284642935
436.678310394
463.160756588
468.123731136
435.268575668
470.911609888
438.811691523
439.814775944
445.834082603
395.642889023
408.185835838
397.892894983
425.412544012
510.363409042
433.923069239
430.577373743
433.526114464
441.456035376
430.395336151
436.691850185
440.034284353
431.214144468
438.734030247
438.560485363
443.482208967
446.803723812
441.050038338
438.365895033
456.457920313
425.221994877
446.392751932
498.949526787
424.788203001
439.357531548
472.226164341
440.894519329
402.258888006
445.62658
454.058966637
435.655436277
430.873187065
431.272174358
460.220026493
470.625142574
466.610696554
439.58530283
429.835103035
429.068364859
462.56135416
499.786037445
412.50889945
510.936107397
390.263193846
394.867635965
430.439005136
430.741760254
423.493717194
421.392399788
391.285331488
428.846054792
428.333189964
427.457038164
427.677189827
434.555254698
510.847369909
431.087064028
430.526600122
430.326576233
431.243174553
426.164821148
459.094862223
447.93296814
438.05409193
431.06549716
430.100901842
418.287546158
471.823247433
449.680644751
449.911559105
431.382513523
420.993051529
425.428586245
459.631466627
468.148279667
464.286305666
438.030544519
427.04192996
431.755264521
461.403033257
503.480202436
409.306316137
501.841765165
340.475660801
340.691174269
504.134465694
427.245427847
428.4171381
438.573961258
424.693078041
422.421336174
427.351023197
429.085984945
433.656331301
404.011065006
420.740097523
424.987969398
432.632789135
430.40455246
430.090935946
426.980038404
448.424651384
454.180064917
430.82730937
429.581216097
432.690223932
420.393333673
460.665075302
446.545317173
454.62080431
427.631684542
433.212873936
429.149429083
444.62242341
435.472637177
463.678528786
468.317765713
425.116101027
501.424434662
427.860686779
435.477982521
466.06814456
340.431865931
341.335831165
401.78749156
396.500726461
508.155579567
431.020327806
438.756667137
436.855849981
439.559424639
452.623450756
454.963887691
444.070354223
450.424966335
451.321774244
450.625942469
468.421737194
446.449695587
452.804128885
455.716932774
458.129403353
446.375270844
453.151834488
455.084279299
438.273414135
449.423556566
447.324243307
451.981251717
450.159513474
465.080978632
501.006541014
440.662437201
513.6020329
469.223656178
451.480434895
552.875624657
488.924786806
467.342407703
472.449090958
461.234665394
467.169622421
466.520751238
485.790415525
467.320498466
478.939586401
468.529662132
479.197280884
486.653078794
473.942465305
459.594487906
475.189542532
456.097850323
451.823779345
453.963663101
453.558473825
457.867801428
454.683930874
448.860454798
470.535255432
440.053385735
440.990614176
450.486344337
453.794523239
439.775049448
436.885601282
451.816391468
453.496869087
446.351030111
454.07715559
448.496207476
471.690902233
453.400289297
441.921111107
472.750035763
464.475898743
468.344285011
458.644889593
462.00027442
470.045583963
456.081535816
474.671924353
468.868264437
481.511923075
464.71506834
469.487505674
461.520509243
465.128715754
488.351151705
470.647814989
480.39272213
520.768826008
460.560139656
480.464331865
472.102821827
455.846863747
467.763538122
462.14413166
460.070591927
459.016795874
467.757639885
462.058385372
457.173217297
456.854940176
460.761952162
451.081306219
456.617204189
467.485318422
463.243160248
478.029436111
357.131777525
457.86410737
480.025087118
359.578022718
469.322015285
344.575863123
344.415105343
346.73487711
455.135282993
344.252125263
445.93356204
489.384570122
489.753177404
528.886667013
426.478970051
451.14303565
359.434928179
354.607232332
358.445678949
351.135818481
354.590643167
358.957636595
461.683294773
463.452139854
463.639224768
471.923895836
471.582050323
468.966561079
463.220743179
461.121762276
464.004867315
472.834957123
459.736491442
459.338904858
476.519824028
479.537101984
459.149581432
459.297482252
469.441279888
463.040302992
462.943980932
470.475614548
483.620676994
485.433043242
454.956364632
534.283481836
449.994960308
513.825932741
488.163662672
345.092577219
478.124460697
345.481063604
342.647054911
345.393819332
337.662371159
344.547197104
454.572691202
446.528935909
398.521574974
451.531338215
458.309760332
450.132307291
475.967200041
448.281468153
444.574475765
446.735052824
452.814833164
446.816533327
452.001065254
454.815762997
452.370585918
455.553483725
458.686041594
453.677883387
455.233466148
458.780409098
474.249142408
469.529484749
480.499678135
466.243210316
467.397138834
457.116181135
353.901887655
497.859893322
346.340633631
350.649740219
351.057066202
348.179215193
349.221304417
462.746651649
448.525125265
442.731872082
454.224851847
454.867775202
484.141070127
473.976022959
469.169569492
437.982442379
425.018057823
357.57441926
445.845366001
455.624274969
354.062762737
359.093407631
344.507311821
359.750454664
446.359325647
436.800129175
450.1207757
458.456394911
437.805425882
451.212689877
451.136682034
451.211833
449.190890312
451.889246702
450.132889748
458.523678064
450.899225235
435.735411167
448.52278614
450.878468275
467.650367498
460.843390226
472.3631742
465.920706511
449.187854528
471.32072258
495.814030409
465.980949402
469.061850786
461.556698561
465.976867199
452.792352915
498.790805817
477.540695667
458.901389122
460.336292744
466.576311111
475.613059044
479.038844109
475.816281319
463.355931282
424.482958317
446.136722326
446.133082867
450.50130558
433.280476809
453.43422842
448.05922246
450.745371103
452.863902807
451.726714849
450.702512264
447.351881027
455.516664028
440.937347174
460.807575226
457.168868542
434.699628353
432.256417274
473.538829803
483.221857548
491.019631386
475.476113558
457.542977095
445.163803101
468.141420603
465.889165163
470.679829597
467.71411705
475.205019712
506.702161551
470.705771685
495.953205109
472.023166656
445.27912426
424.650900602
468.977087975
462.357368708
455.000102282
455.992852449
458.477690697
455.766056061
465.39785409
462.00719285
455.248987436
449.395913124
456.6889081
467.358983278
447.608683586
456.054605007
439.748923302
441.153797626
443.896119356
447.934246778
450.177987576
460.336100101
454.085396528
456.585011482
453.813649893
