1107.53250074
1121.83896947
1119.09043527
1199.97366023
1117.51130438
1132.17069697
1136.44895101
1129.42128944
1111.19731498
1124.13658285
1117.00861549
1110.28942728
1099.35915279
1111.74588299
1110.58629751
1119.44184303
1115.70885992
1106.16957045
1127.21353984
1110.81158853
1109.41101527
1134.40135288
1116.61185932
1142.97517776
1115.69801545
1126.8150661
1131.32281208
1202.74361205
1114.31374574
1103.41069198
1129.01453686
1238.71536994
1018.30312753
1004.27859163
1006.11862254
1007.32533026
1026.80516958
1032.69830656
1165.59649539
1023.47122836
1010.6888535
1016.96980643
1011.02261305
1017.54294205
1122.83401251
1122.95520568
1122.82290959
1128.97559404
1109.37251568
1112.44321418
1113.53749824
1140.42488289
1115.78277135
1119.03016901
1123.95619035
1094.9642148
1125.31830072
1124.3322587
1117.81626773
1108.08903837
1111.45007873
1113.66513252
1107.2040925
1119.98124743
1118.12849712
1112.15811443
1116.54122448
1129.01033497
1138.66652918
1119.2417593
1116.06503344
1115.50240302
1108.99344802
1170.55958581
1174.14994764
1229.78265476
1200.6779635
1133.37626481
1132.85971522
1245.27686977
1196.27145767
1194.35643888
1106.47934532
1114.49530506
1124.19797707
1110.66783261
1108.95144153
1116.47768331
1114.75621653
1113.81733298
1123.18896699
1110.46345115
1118.7865355
1102.43686008
1144.94818401
1121.02769256
1099.59814596
1133.28576374
1124.86220479
1117.5313735
1114.1162014
1122.97862816
1125.06203961
1091.45301175
1158.44979143
1091.35201788
1102.24296021
1098.51467085
1105.61729312
1112.50493503
1097.89046884
1100.72855926
1139.26734114
1208.08425331
1151.82701492
1122.73028684
1278.37715292
1128.68845987
1186.51633954
1164.53455687
1168.10344267
1092.05853724
1104.30907083
1094.69245338
1082.77807713
1094.45031166
1101.45913196
1086.02158761
1093.21190953
1097.19452906
1106.45151901
1089.03497386
1092.92798018
1105.95386696
1089.92314243
1096.51838779
1116.98366618
1109.04187655
1104.98430681
1101.25920486
1093.18130159
1102.33027506
1096.79374194
1084.84560752
1087.51471972
1091.79088569
1099.68763423
1102.63016438
1108.71308231
1102.38416338
1152.32066059
1134.05978084
1197.06801701
1176.30959487
1149.54182124
1155.61307979
1180.40171695
1172.78322315
1099.33863688
1085.90580463
1090.91887331
1110.19651175
1094.27975345
1097.86783123
1099.53449583
1094.62598825
1080.28623915
1100.18607068
1086.22990084
1101.29459357
1128.71917009
1082.76262212
1097.17116714
1091.34619999
1122.8387394
1092.43655729
1099.43277192
1079.07897258
1099.51540971
1093.57655048
1091.67341089
1094.50288153
1098.79379582
1090.17609835
1099.01522255
1098.96288824
1123.19552994
1096.95716858
1161.74813151
1161.6552515
1212.23167062
2076.285532
1177.59850454
1125.22460532
1168.05692339
1117.92031407
1125.12445331
1126.93924499
1179.59799647
1135.6220119
1126.81351209
1123.41926837
1114.73673964
1131.92214751
1128.8624258
1131.53886628
1122.75442934
1130.99621367
1192.97524643
1114.37602973
1108.92713022
1117.25176597
1154.92418146
1109.34254384
1119.91258049
1132.86616755
1112.11213326
1119.57594609
1119.85094571
1137.80856395
1106.99257517
1112.23855543
1105.3247683
1123.25104189
1113.1951108
1114.1065681
1112.62470579
1134.1924932
1151.29048991
1198.41616535
1184.90378356
1736.73571229
1102.71335936
1145.7601974
1099.93461466
1089.22788143
1094.50007224
1093.0336585
1086.48891449
1097.63974738
1095.28285909
1106.86705208
1111.6696744
1093.47011614
1097.39903092
1089.5796442
1096.11417365
1092.77808499
1152.16365361
1118.3464005
1102.4904542
1152.48076439
1101.11610532
1161.90259075
1080.72909427
1091.31631517
1089.00353527
1099.04652119
1099.53175616
1091.93945575
1114.40841985
1091.30888844
1089.42448068
1100.56702304
1098.57351089
1100.35526443
1145.42562056
1154.21942711
1197.9937377
1149.00341535
1143.82945871
1105.93457937
1101.15789294
1088.58237433
1148.490201
1099.10613489
1104.71558666
1094.41008449
1111.79702568
1087.23540163
1086.41915512
1083.7022121
1103.77968788
1093.66911364
1099.7734158
1094.41561627
1102.57755804
1092.04883146
1105.13448262
1143.87438345
1102.02062011
1116.91225481
1108.56453633
1108.64291406
1105.11497426
1173.98523688
1145.70477343
1088.19862342
1086.81534767
1089.07176828
1107.3544271
1105.97474432
1089.6586194
1109.71238875
1091.09659696
1144.74206042
1165.98479342
1208.11070943
1176.98225188
1166.9579792
1105.27128339
1155.85883951
1091.22285628
1093.65180063
1089.41483808
1108.64217663
1097.64563918
1165.89400077
1101.42729759
1097.92584968
1090.25821471
1096.64142609
1108.27522469
1090.55039668
1101.17955828
1102.10555506
1103.92276716
1105.11304069
1111.00073075
1110.35269213
1175.00793934
1100.49164295
1101.62072015
1119.29128671
1104.44473028
1080.57325411
1149.60797811
1151.90313625
1089.11874199
1095.83711576
1109.58988833
1099.47443938
1097.97908545
1104.14848375
1091.09174156
1153.13273787
1150.96402359
1096.49338722
1304.17853212
1083.61547565
1088.20193386
1098.99201679
1095.22495031
1097.904634
1102.87489891
1142.11163282
1118.67210984
1088.78499365
1099.05849338
1108.55245781
1091.34520197
1099.00712585
1095.94203234
1091.68588328
1103.81394577
1108.63921261
1096.34817863
1093.74831247
1087.12008381
1098.439749
1091.62167907
1089.11904836
1113.29128432
1088.19982719
1118.11648369
1090.73031092
1094.02222824
1088.97457409
1094.15979385
1094.26852345
1159.32124424
1135.4808023
1094.94528246
1093.99517345
1102.07672167
1154.5647893
1161.88134646
1095.27808499
1098.73082566
1299.5917232
1097.281955
1112.28855562
1086.40728498
1093.56979513
1083.70344257
1093.71272731
1101.22835398
1105.89016676
1103.9524529
1101.25282216
1092.82625794
1157.76638627
1095.8593812
1120.60720897
1098.46938825
1101.12022448
1109.4984231
1091.22704482
1086.32359076
1109.73679399
1102.19581795
1105.10257959
1099.65310979
1114.08971286
1090.93341684
1110.97100139
1093.18685293
1082.52347112
1100.95842528
1093.99394393
1098.82140422
1102.50756454
1101.18677807
1126.23195696
1119.57703018
1147.90768766
1161.05918407
1090.46506572
1105.69833899
1090.29894137
1104.13998795
1121.62745047
1100.45201254
1105.58334303
1085.8178091
1310.74852562
1095.73289537
1094.51024723
1106.39280224
1098.80811071
1096.83548856
1080.68578553
1100.4263804
1103.40405154
1106.90268135
1075.10739994
1091.49854374
1174.41090655
1123.76345944
1080.2108624
1108.04505515
1096.28471088
1092.89071441
1092.03481388
1100.64626336
1098.3255589
1107.4522388
1120.80317497
1088.00535107
1092.42756844
1108.52181029
1098.24316669
1093.4377687
1135.87620354
1151.71086669
1151.37625957
1083.23759556
1151.21217847
1103.05560064
1112.64361405
1109.29392028
1083.7084744
1097.16128445
1111.68915391
1111.83890724
1106.62045813
1083.91089487
1085.19990444
1093.76002741
1069.82646036
1085.61006141
1075.43944478
1073.43053746
1073.90171742
1082.77791882
1097.08428717
1074.41120648
1080.85378432
1087.62116647
1095.76261091
1080.39803219
1075.04487348
1080.31652856
1072.35209513
1091.73113108
1151.30917001
1097.91330647
1100.97086263
1080.93084884
1096.34346008
1073.82389116
1075.86108375
1130.3954649
1303.04091263
1135.63143659
1115.89124846
1073.70021391
1123.04331303
1067.49222827
1077.98550749
1073.37647891
1083.30581665
1088.14260912
1067.11038208
1090.49643445
1077.21576929
1070.65139127
1091.70459223
1092.66323996
1078.06536579
1087.35973763
1078.83522964
1060.57440424
1080.67769742
1080.68371224
1079.22276378
1081.00151253
1087.02722335
1083.63307452
1070.87443447
1095.50637698
1084.91187596
1087.08688903
1073.96994233
1076.73683619
1094.64566994
1081.43902946
1102.40989995
1099.42250562
1082.18255591
1086.11017275
1149.84815073
1089.37268782
1132.08799887
992.923643112
1130.57227254
1069.99857974
1140.36899209
1089.26742887
1080.02922702
1080.47904754
1071.85954428
1086.03350878
1087.65282583
1086.34402728
1082.33504772
1086.92348218
1090.77325583
1091.73114538
1079.94569635
1077.05159187
1075.63622427
1077.82067442
1087.67539287
1081.05327535
1085.80322433
1081.39755559
1092.14787602
1085.39791775
1093.07641339
1088.6146791
1084.5881443
1098.64792013
1085.02627659
1082.08374548
1081.8942616
1080.7179656
1100.02197719
1094.68870807
1082.80114126
1122.11549735
1131.29669118
1100.03198433
1103.90925312
978.366183043
1078.30747843
1128.99732065
1122.07053018
1078.55750775
1086.97681046
1070.12480164
1064.14493561
1077.76439762
1088.70628715
1083.50445795
1098.12710238
1087.09798241
1070.61818576
1094.18652582
1069.93435574
1080.85544682
1077.70660615
1071.6962657
1072.65021253
1079.88026309
1089.35632896
1073.36025071
1084.77535319
1075.33776069
1083.45276165
1085.2761054
1076.12478852
1077.51573515
1085.77178264
1077.82413936
1077.67027497
1083.07596707
1095.46341515
1093.42522669
1086.05780315
994.688290596
1103.00999093
1125.28005934
1071.80522776
1133.90987849
1085.73668504
1103.99056578
1088.72204781
1131.31799507
1089.34566045
1082.67228651
1087.42653775
1076.74635172
1071.62187624
1085.69199848
1082.45488238
1080.73582149
1085.33665252
1092.8924222
1080.92896819
1085.18673182
1077.10589933
1085.64207864
1084.58320665
1081.87364864
1083.94870567
1089.42690277
1083.10292172
1091.03802705
1093.06321502
1070.64320183
1090.55747962
1084.70285916
991.147901535
1096.53110194
1082.07412243
1088.42707324
1101.93577123
1087.80096698
1090.12093139
1073.09130025
1133.30637312
1087.15968776
1121.16157365
1133.39905334
1073.66693473
1118.5192306
1097.07342362
1138.08227205
1093.18537331
1065.12606359
1080.01004767
1076.71551394
1082.90038252
1096.40967989
1087.59304786
1080.62671185
1083.50127387
991.699813128
1083.73342061
1088.01604295
1073.66292477
1073.22612333
1071.15218234
1063.26337862
1084.22831392
1083.06719136
1079.98492742
1090.74892616
1090.01141214
1099.6357789
1080.08858347
1087.86502242
1069.32607722
1085.73714924
1086.85174561
1083.60851574
1081.39740109
1079.12706041
1085.85207081
1077.68018007
1115.31099343
1103.71047497
1112.40547419
828.178342581
1082.2892983
1134.65667295
1071.10837579
1146.30245042
1089.97296214
1155.09314394
1083.3140347
1087.95155025
1079.38670111
1085.33840489
1097.98795676
1088.85813856
1091.10224533
1066.54709196
1090.56319737
1080.55191612
1079.88493848
1068.8940165
1091.94842839
1083.75565124
1081.08620548
1097.83650637
1092.70740724
1082.63721299
1092.601789
1085.3102479
1078.1865797
1085.77553391
1090.38287306
1076.29463625
1070.32911253
1079.1351757
1075.49630356
1083.3225348
1094.6689446
1086.46562767
1093.78612781
1149.04704881
1128.60596633
1077.20868349
1093.35595798
1128.49554515
1079.94893646
1135.4559207
1078.20452404
1078.12834859
1175.62957764
1080.30500317
1131.52306414
1079.55666685
1080.50624514
1079.03778505
1074.03794193
1089.25640059
1067.34699702
1085.24517012
1089.24357915
1081.58705282
1078.61977029
1074.12044716
1084.35902929
1080.51581979
1099.63202453
1096.31248021
1096.04441023
1077.98242474
1091.23491049
1087.14291692
1069.98408961
1104.22430587
1090.61738706
1086.00873399
1078.27291775
1076.58478904
1089.90319037
1092.41445303
1090.15958905
1093.84143519
1140.76677918
1120.68707347
1100.97785497
1120.35447931
1092.94356036
1132.90697336
1088.02377439
1077.87342262
1086.22851157
1065.16439962
1083.35563064
1096.85539436
1080.1779213
1096.85596442
1081.23661494
1087.40654492
1088.161098
1081.33848047
1078.36531353
1185.89757061
1079.55472898
1088.28270388
1090.08313704
1084.92338085
1091.20973873
1089.78806877
1065.77080512
1083.91172838
1083.91378689
1092.91502881
1073.77216983
1079.34649467
1084.24313331
1082.56332374
1100.33485889
1082.81419086
1098.02392483
1091.36234093
1067.00658202
1079.76788783
1075.04509616
1085.41915011
1096.324018
1121.0154388
1197.35562086
1105.68167019
1105.218189
1116.8002305
1110.19281054
1133.19569778
1108.76712394
1111.46119547
1121.64198852
1116.75943613
1124.66234422
1120.56166673
1098.2502811
1106.11208725
1164.56068492
1225.83109117
1119.73708391
1125.95483303
1117.6731627
1116.65708828
1129.27896261
1114.65370202
1111.10465908
1131.18983293
1106.47592044
1120.07284427
1104.26996827
1110.1902833
1119.98205066
1119.88602185
1115.15197325
1115.69479632
1131.81174159
1123.88586617
1112.20894814
1113.91020012
1109.1270504
1123.07837439
1128.11775661
1117.20954037
1120.79460573
1113.22947454
1115.73555589
1113.58108258
1128.98027897
1115.74650025
1171.57132435
1118.74472117
1132.3406086
1118.69286585
1103.82851624
1111.35124826
1130.74546742
1131.50398898
1173.39739394
1117.4654398
1118.47946882
1099.46414876
1130.37958932
1109.97893214
1122.09445834
1144.67627907
1128.96495533
1104.58178186
1150.27219725
1135.65934014
1118.27080274
1133.31931472
1127.44251108
1116.77932167
1112.07986331
1123.6568203
1118.80421305
1125.98798656
1121.37973166
1111.2817266
1110.58513665
1112.738343
1149.3291657
1128.21519876
1108.94375181
1122.52485538
1143.6046586
1131.44823575
1120.33850002
1123.07306385
1129.33045101
1124.20682311
1118.24870062
1129.50989914
1118.01672339
1194.93278432
1116.61759806
1118.36323571
1162.98909163
1126.92840648
1092.44583201
1151.73057842
1095.31712914
1084.33551478
1092.470263
1092.87487888
1096.91801405
1099.65850902
1107.41014314
1109.55446839
1088.58346248
1099.48888254
1105.69241261
1101.9242959
1107.5891788
1107.59901786
1090.46285534
1106.1981082
1098.64974046
1094.83103943
1095.25744367
1101.15329337
1100.21558619
1086.37388873
1094.79077125
1365.59323096
1170.07236862
1157.3403697
978.119704723
993.176131725
995.725604057
969.911128521
994.653227091
975.476810932
988.601705074
994.869057417
997.60401845
1150.15138245
1083.78611422
1078.21029663
1071.63217425
1102.58671689
1091.81703186
1075.28629899
1097.89239264
1084.59855175
1085.085464
1097.67739964
1075.32387018
1081.58151865
1091.2887454
1083.75189567
1088.01886678
1077.89531922
1080.1558094
1084.75262785
1090.83634472
1073.73942447
1087.77392888
1064.40621591
1089.00009942
1070.95643997
1083.62640262
1076.0493834
821.595474958
1079.02629066
1256.94917917
1093.84034824
987.5648911
994.309086561
1273.74659252
964.455513716
974.774148226
959.74031806
1240.43459058
1106.68231249
1133.61427116
