383.306059361
382.227408171
380.6495924
390.206753731
378.94420743
382.149240971
361.758338451
384.215811729
378.38426137
378.403259039
381.502939701
382.764615536
386.527239323
383.863502502
385.166038275
382.84572053
383.629045725
383.431710958
383.336982489
382.305792093
376.835929871
385.563340664
377.410160303
383.278023481
381.935415745
381.710078716
386.254214764
396.547788382
389.223548174
383.645132542
383.588231325
371.458096504
336.892865658
325.819584846
324.822247982
318.850575686
317.199574709
332.677966356
375.720344543
325.468643427
324.184880733
329.711277485
308.935350657
318.694678545
381.486035109
386.948023319
380.660857677
378.535690308
377.982264996
383.388831854
374.399633884
382.79324317
386.504509687
381.2145648
380.707887173
378.094752073
380.88094449
381.440000057
385.274274111
379.49361372
379.878444672
380.991524458
360.89748621
381.487483501
382.329772234
383.654366493
386.207186222
381.581239462
387.038288593
379.607657671
383.627707958
380.687602758
381.674692392
392.573616982
400.772792578
383.282931089
377.436435699
374.759893179
368.151545048
387.967247725
374.29613018
373.660881042
374.156389713
380.220101833
385.20424509
381.196792603
375.793230057
375.774724245
382.166065931
383.011630774
378.822450161
378.250921011
378.632666588
378.865841389
385.400496006
381.195128918
359.726539135
382.26909399
362.723763943
383.272865295
382.405507565
386.020519495
380.398755789
386.179504156
389.94009304
382.348854542
382.399640083
379.074404001
384.783394337
376.86529994
381.073209047
385.629952908
393.103200436
376.131038904
376.178966045
369.831382751
961.456327677
374.688672066
373.221028566
376.475520372
371.344392538
378.419045925
383.486451149
380.402614117
379.049381971
381.383182287
379.385759354
367.279969692
379.72218132
384.040710926
386.886219501
382.815019608
382.994948626
381.587299585
383.280607939
384.431425571
378.273107529
379.928330898
383.709466457
383.056062222
389.635574341
377.290935755
384.422854185
379.420028448
381.93039012
382.819257498
380.368719339
378.66144228
381.613469601
379.491748095
392.234298468
385.649474621
379.035758018
376.336323261
370.039159775
374.150543928
373.699992418
373.060651541
378.79246974
377.829838753
378.088724136
376.598726273
379.66552496
384.164196491
383.061018705
382.337184191
378.259465694
380.548273087
380.362233877
380.06082058
378.736128092
378.783545732
382.267798424
379.832919598
381.63798213
364.059420109
382.373315334
385.84319067
383.959307194
383.536487103
385.12167573
381.485404491
384.545325279
381.09726429
375.367111683
360.518096685
382.109768391
387.603916407
390.294179916
395.342414618
372.984949589
365.513729095
371.824503899
403.01285553
394.941415548
401.668961763
398.424305439
397.226709127
395.204835892
404.811014891
404.192922831
404.047781706
408.477209091
402.231040478
404.706468821
405.007834435
402.411814928
401.649942636
402.067246437
398.625729322
399.775970459
401.943270683
392.72975421
405.46329999
407.194436789
409.18132472
398.820697784
396.626000643
399.521665812
386.933101416
385.665698051
381.649244547
388.168055058
385.004709721
383.23851943
385.326131582
384.652930498
394.91462779
401.994663954
382.249282837
373.973893881
872.043213844
384.282541513
374.450320721
376.665396929
381.722724915
384.060640335
378.451473475
382.985944271
385.043660879
383.091386557
380.780127525
382.619779825
379.835142612
381.822309494
380.561508894
383.365117788
381.457149982
375.616433859
383.290060043
386.169968367
370.339099884
382.032563925
378.272216797
384.937359095
382.632831812
383.649550915
382.848723412
381.261202335
382.393808365
366.985435486
382.137012243
362.04966855
384.221464396
379.356468916
383.106052399
370.876781225
393.172137737
380.611463308
375.052542448
396.382287979
380.512273312
358.401275635
379.577203035
371.118066788
379.182225943
381.56030345
357.404003382
378.363878012
382.250725746
384.899349451
384.063117504
379.083104849
381.341630459
381.805811167
380.973767996
379.285602808
362.89270401
378.693129301
375.152177572
383.889982224
381.054689407
384.487248182
379.787685156
379.449592113
374.512381554
377.007921696
384.174162626
381.144613743
378.864859581
386.450866938
381.858695984
380.084969521
382.800562143
382.372603416
392.777020931
393.709875345
379.810883999
377.250472069
377.885486126
387.921432972
397.855064392
383.553036928
382.616656303
384.884894371
383.340536833
384.034335136
377.872579336
387.884526491
381.594109774
386.712316036
381.641710758
386.019597054
384.86141777
386.845486403
385.547297001
387.947742224
387.621977568
387.851828575
389.481039047
357.426261902
369.502454758
385.548108339
392.431309223
387.561853886
365.278329849
381.286446571
382.084702253
384.006048918
384.007416964
386.349881649
384.403893709
388.894695759
387.945421219
380.976703405
392.953398943
401.988810778
388.663311481
483.467738152
389.554300308
384.061653852
383.664626598
379.388302565
386.183871746
386.268748522
393.514594793
385.678388357
385.284407854
383.200222731
387.849256992
381.515967369
386.615730762
387.486413956
384.601501226
385.149233341
383.004326105
381.850413561
388.084216118
366.074166298
382.918227196
386.900237083
387.897023678
381.681452513
383.770041704
393.888730288
388.434471369
387.8482306
386.120298624
384.354736328
387.291270733
373.752801418
374.087969542
386.340983629
383.293679953
360.718955278
392.782731056
396.144438267
387.195888519
387.265711784
477.56426096
383.142422199
385.530979395
384.900430679
388.086489677
385.222494125
387.761590719
385.217897654
379.220929384
380.621753216
383.796894789
388.322860241
397.636459827
389.299970865
384.281201601
383.321797848
383.860784531
385.194935083
390.847779989
381.953307867
385.399133205
390.258533478
387.730461597
387.127643347
384.376223803
388.123693466
384.183614016
381.137748718
384.116011381
384.583756447
384.312826872
382.717473269
386.359094858
390.487194538
371.070590019
369.94074297
387.433651924
397.510463476
389.307496548
389.459695101
384.332137823
386.009774685
383.300782204
362.902142525
380.524862289
384.494393587
474.023368835
382.761842966
382.963696241
380.597237349
380.751789331
380.998237371
390.149697304
383.135223389
392.904244661
382.481670141
382.086016893
387.027914286
394.209994555
385.451399088
384.88180995
362.634874105
386.51904273
387.518288374
385.502733707
387.254711628
385.395732403
382.357712269
387.94377923
378.940458775
387.694709778
385.583032608
387.266403913
390.868852139
375.87678647
376.173528433
391.589996338
385.701311111
397.233830452
388.705549479
382.05456686
381.649905443
386.952091694
388.194380522
385.890474319
383.990221262
386.280799389
385.483299732
382.40502286
379.966799498
383.160517454
383.312272072
382.700675011
384.877322912
382.228542566
383.787979126
366.009407043
385.997957468
386.770719767
385.574150324
384.113603592
385.292478561
389.446374893
383.55611372
381.053229094
384.20615077
393.376719952
386.331523657
379.457294941
384.080822706
381.632906914
381.755623817
380.733574152
370.349082947
475.087506771
374.339282036
394.204505682
386.013388634
396.464657068
385.90944314
379.56484127
383.978951931
377.488945246
384.48443222
376.309093475
381.314661264
384.180844069
385.014767647
379.745555401
381.910965919
377.577516317
384.266044855
385.195174932
386.99125886
384.360976696
385.584016562
386.182037592
385.130181551
383.142292738
384.834148169
383.725818634
386.103193521
386.183050632
382.917441368
383.38509059
383.060142994
385.855761051
382.881508112
383.423122406
385.879141331
384.729572535
383.692831278
392.202084064
373.934937477
375.356523991
337.098010302
389.406124592
384.646274805
398.714030743
381.095973015
379.326321602
380.647741318
384.642167568
382.690304756
375.39578104
380.304543495
384.537022829
377.517542124
379.213899612
378.048273325
382.325758219
382.621164799
381.4113729
384.679874897
380.222327471
385.274901867
382.985295534
387.166138172
383.924185753
385.379681349
382.019949198
387.106843472
384.365027189
377.78664732
384.095822811
382.442956924
380.229181528
385.705443859
381.711566448
383.221788406
384.480017662
373.928502083
392.07555604
383.371456385
373.815593719
332.635321617
364.675409079
388.814605474
391.504388809
389.217619896
384.239710093
384.852684975
383.410984516
387.500818014
382.355428457
362.207773685
380.677556515
382.230507374
381.297572613
387.669508934
379.056823492
387.430119514
383.801402569
381.574653387
376.578663111
387.59025979
385.525123835
388.603599787
385.624277115
384.381999969
387.605192423
385.283653975
384.544984818
386.022739172
385.791603327
380.728127003
363.294720173
383.559739351
385.844605207
381.51373148
386.172784567
331.773127079
371.026158571
371.97896409
377.901629925
393.895217419
384.405356646
391.902113438
389.234427214
376.472216368
384.65071559
383.666820526
378.874418736
381.114978075
386.201919556
384.368663788
382.054936171
383.97713089
381.562404871
384.985093355
380.338078737
384.810674906
381.620160818
384.540945053
380.558907032
381.935647488
383.963971853
382.507326603
380.816861153
383.421164274
381.265400648
386.028912544
383.638222218
384.520950794
329.403797865
383.520264864
384.488333702
383.305202961
383.672470093
383.626359701
388.798168898
382.696007729
369.838474512
381.097008944
376.008869171
394.719134808
384.4217484
386.516880751
390.832416534
393.926402092
360.122193336
382.391736984
380.618981123
386.50254035
381.958500385
388.953962088
381.774367571
378.883332729
374.952258587
337.180648327
379.827187538
385.017705679
385.244671106
385.659458637
382.867214918
383.946265697
384.20250392
382.188920259
387.042482138
385.596906185
383.482743979
386.190675259
386.456462383
382.2479918
382.907637596
384.947068214
380.649704933
384.441199303
390.823768139
384.176664829
386.716082811
384.523430109
369.542328596
378.097009182
367.24013114
266.473938227
385.091489792
389.235268354
383.896093607
395.92864728
391.155283928
396.434464931
377.88944006
385.802546024
381.437696218
382.918338776
381.21545577
381.704802036
382.490282774
389.101668596
378.961724997
388.625055313
386.111341476
384.300134182
386.953615665
381.991168022
386.193949223
385.235524654
381.85989213
381.692480564
380.788486719
384.287986994
385.214464188
383.581193924
387.053961039
381.2904737
377.049109459
386.210902214
380.852648735
388.07871604
383.796388865
382.613400459
381.645165443
374.26092267
373.320422411
377.434559822
386.7161448
394.008983612
385.015600443
396.178569317
379.693908691
384.965536118
370.06196475
380.339034319
392.854810476
381.460129976
381.264379263
380.713769913
362.874756575
386.988388538
380.768176317
383.415424824
386.496828318
385.95645237
384.880601406
381.561330318
384.16590476
385.385588169
382.36638689
386.264114857
384.057619333
382.598724604
384.28073287
389.019340754
382.557928562
383.476470947
384.318632841
386.565276861
379.068669319
378.757967472
386.993015051
383.849412203
385.534051657
387.005973816
370.230075359
369.540365219
385.491753578
388.55928421
389.995113373
395.813872576
377.802305222
381.055669546
381.679852486
382.964481831
382.010199547
385.058188677
383.211949587
378.27228713
360.265184879
385.339837551
385.119655848
385.370016098
386.553436518
387.510719061
383.723186731
386.805198193
383.770776272
384.433904409
382.613705635
382.801458597
382.12467742
383.778510809
381.728504658
387.958746195
383.646244287
384.962789536
381.659147024
379.943542957
386.105252028
385.233270884
386.336720705
384.588366508
385.307562828
383.399968624
385.719371319
378.672818661
386.825730801
381.964861631
394.223312855
387.314009428
379.700297832
377.848142385
376.177506924
378.318930387
381.402328491
382.810904741
385.125766993
380.733804464
379.834525108
382.54937768
386.147916555
377.135052919
388.232447386
363.417550802
382.881799221
383.601089478
378.437505007
385.886243343
386.259502888
380.785800934
383.216943741
383.041166067
386.469228983
384.201447725
384.916837692
380.306668043
379.564506769
382.707859278
386.053018332
383.776171684
383.344740152
382.186581135
377.465601444
380.753226042
384.465699196
383.417092323
386.854330301
378.086813211
382.674770594
378.611412525
381.04874444
379.341733456
381.934623241
385.307168722
392.533578873
382.754240036
382.012080193
380.533748865
384.733317852
380.641854763
383.139887094
378.505289316
389.959883928
383.145176172
380.858284712
386.428324938
378.564118624
383.002136707
377.792867184
381.595538616
385.487323284
378.512085915
381.086443186
380.897956133
383.731789112
386.235947609
384.384492636
381.536346197
381.477497816
386.389976025
383.964416742
376.230240822
382.21670723
380.492348909
382.733660698
379.244305611
389.341840744
381.161472321
362.803724527
380.6126647
378.796749353
381.586036921
381.509328604
380.002766371
385.343744993
383.706341267
381.746512413
385.320048094
381.062229156
395.072119951
377.568035603
383.545630693
394.131402493
386.279974699
384.489690065
397.328525066
382.983747959
389.37997508
385.808025837
376.090765238
390.023963928
384.483780384
386.212985277
387.340383291
385.576294422
387.061506271
381.79071641
381.700359344
386.798702717
384.45763731
385.797500849
363.7187047
386.500284672
384.224278212
386.060515642
383.156421423
381.33052063
382.376824617
384.757685423
380.476959705
380.412834644
370.709602356
333.651009083
333.174761057
321.379771233
328.168510914
319.791055918
329.412981272
331.623440027
329.42323494
324.266626358
391.296748161
383.497779608
377.646088839
383.630387783
385.101733923
386.853256702
385.991667986
368.62445426
389.44196105
386.755467653
385.706002474
379.290969849
387.112119436
384.333622694
392.36259079
378.299252748
386.771898746
380.539288521
380.775517225
385.454255104
380.504354954
389.300719023
377.877006054
390.04980588
384.296504021
386.4933815
384.63173008
268.176086903
395.586142063
319.6273458
391.303501368
323.20191741
320.218280554
315.981131315
319.996235371
320.760142088
327.44149971
314.248311043
371.618947983
382.737812042
