513.060575247
509.522342205
517.531230211
512.698863268
514.892669916
518.503249168
515.238510847
519.81291008
513.663920641
512.183074951
513.025583982
508.974202871
506.189620733
511.670617342
514.655357361
513.440401316
515.241598845
508.125120163
515.688858271
514.951539993
511.510189056
512.108985901
507.451381683
521.565026045
516.205261469
516.09758997
510.595079899
517.730659723
512.09973979
513.591712475
513.129704952
511.628955364
421.030707121
411.94239831
402.21286869
405.697425127
405.791568995
426.430243492
523.436896801
410.882559299
412.493690252
422.137509584
405.848306417
405.327186346
511.329230547
516.741343737
515.342640162
511.254287004
511.815726995
510.817095757
513.192869902
517.908943653
513.547231913
507.625734568
510.747853279
508.20377636
509.096206188
511.017083406
517.692148209
513.534315586
515.138375521
509.634055614
509.315773249
513.8987782
511.934437752
512.368310452
510.572738171
515.058741093
511.408890009
513.0157938
509.356491566
509.20822072
511.10777688
511.153856993
518.790116072
507.013801336
525.705760241
515.660468102
508.830166101
511.09963727
516.411036015
530.34243679
509.651620626
509.224000454
512.723950863
511.511348724
507.058135509
508.724985361
510.50402832
516.143162251
510.724290133
514.038845301
515.920311451
507.479993343
511.12101841
517.749650955
511.113725424
512.481548786
514.106657982
512.837990046
510.530805111
513.735105276
518.435721874
499.602096081
502.896386623
496.77713871
497.847739935
495.593309641
495.961053371
507.672965765
501.882143974
497.954967737
504.562592506
496.640789509
513.45185709
506.422950745
628.132453203
513.484175682
537.217444658
522.623365641
524.130801916
496.36816144
500.519691944
497.884990215
499.255537987
501.300810575
498.753973007
496.220698595
499.535790682
499.773914814
494.282097578
502.354895592
493.656662941
496.146054268
499.101815224
503.660544395
498.618202925
494.975883007
497.705937624
502.136130571
490.966677666
497.871644497
499.874008656
496.84330368
499.630009651
497.380113363
498.471615314
500.101572514
507.338261366
496.319084883
499.617994785
497.84094286
496.810475588
525.98900795
505.539829969
510.042906284
518.473794699
520.518465281
494.833062649
500.808223009
493.524635553
504.950145721
497.472732782
497.386135101
496.383470058
493.612431049
497.591560125
503.10925889
497.177366972
510.944471121
513.968285561
495.835718393
492.152537346
499.450479269
498.765053749
498.66150403
501.064087868
493.813177824
501.300045729
493.848568916
499.844204664
498.194704533
501.099138737
496.698756933
493.989855051
497.923386335
506.278524637
494.812767029
497.341099262
504.120927095
494.592963696
502.146965265
518.110298634
527.706568956
551.434845209
531.179370165
536.449065208
532.996418238
554.098548889
531.636014223
531.218172312
533.574345112
528.064933777
533.488717556
529.408097982
532.435621023
536.766052485
535.000971794
553.679602623
527.007710934
521.581796885
531.230607271
544.328413725
520.370118856
517.848708153
516.730670452
518.021302462
523.224263191
518.816327572
522.474387884
521.337003469
521.462829351
517.7958498
521.531077147
518.12502265
518.471034527
519.428686857
492.470462799
504.301201344
500.498653412
530.44725275
730.689583302
498.823870182
521.709787846
501.28780508
499.981601715
497.080826998
498.690899134
501.207570314
499.242960453
503.831204891
494.703929424
507.746930361
502.252534866
498.788122892
494.874794006
497.783002138
502.493252993
512.180247784
506.11322546
495.401245594
517.100234985
498.580071449
518.252808094
497.240513086
497.387901068
497.492367029
503.530607939
500.172772408
499.324273825
513.165384531
500.595520735
501.47378087
490.920717001
500.964302778
499.897739172
495.970811129
500.316662788
497.889075994
513.564967155
501.537190676
496.705909491
500.564957857
492.203424692
515.096244574
497.169721365
499.131248713
507.896754742
505.183766842
490.667886019
496.989298344
495.923274517
499.477855444
499.464192867
500.968854666
495.57191062
496.577620506
493.743434429
502.18413806
513.171445847
499.198783875
499.008295059
504.114275932
497.616075993
500.864680767
521.739622593
518.30978179
495.631293058
488.13890028
496.409643412
500.739147425
501.436347008
497.988293171
499.494893312
498.373614073
497.97245574
506.143951178
499.355419397
520.544406652
523.351165295
496.214696884
498.20745635
492.365987301
496.109634399
504.545794249
502.023557425
499.44600296
519.247948885
502.164119244
502.323838472
498.188315153
493.937360048
501.643779039
503.420064211
499.803646326
495.705168486
499.101510525
496.696962833
501.948121548
497.349380493
519.34795022
495.236607552
497.916058779
497.635590315
501.602874994
491.458202362
523.445204258
518.69116044
497.897777081
495.174794436
508.736548901
504.573362589
502.399223328
505.071199417
496.667387962
496.767732382
502.133541584
500.92160368
610.412929535
493.98512578
498.296491623
499.323813438
500.938585043
501.081350565
496.676795959
495.75552392
497.64702487
500.528858423
501.390945435
505.643506765
500.915568829
502.098411083
502.712515831
499.81314683
500.418233156
498.237462282
495.369141579
499.505122423
498.548611879
502.374148846
499.539795876
498.435119629
512.2207973
501.192535639
495.442219257
495.888888359
494.500290871
495.620518923
500.488059044
495.554951429
521.822685957
515.030368805
502.295908451
503.175052166
490.450803041
497.563426256
506.983109951
502.20237875
493.518369198
611.214701414
498.59942317
499.293252707
498.919929028
496.30959177
500.89764142
494.216502905
497.563001394
501.733458281
506.395653009
497.4952631
498.576524496
496.002552509
501.814035416
502.679815054
496.095431089
496.965558767
499.596598864
495.788084984
496.163601398
500.114447594
504.697264194
499.336561441
497.257377386
500.112647057
499.048936129
501.191568375
502.677858353
493.520334959
494.149531841
498.487653017
497.890729189
508.607986927
499.270428181
501.281720161
502.176008463
500.400924683
507.279732227
497.99778223
495.77919507
495.524891853
498.913075447
508.210669041
498.717786074
519.520193577
496.1582582
616.97145462
496.648976326
504.150612116
496.034188747
503.441629887
504.820931911
493.09336257
504.169622421
499.032193899
497.948397875
489.247104883
499.477140665
506.857303143
500.490027905
490.063538313
501.326712608
494.211950302
496.835225344
491.387368917
499.183535337
497.539909601
500.086535215
504.053238153
497.394156218
496.799085855
507.219557047
502.825285673
492.247320414
502.637759209
500.141070843
502.894546747
497.133341074
495.804424763
496.255838156
502.436582327
503.072753906
495.379827499
505.732743025
502.276818752
495.711521626
501.088461876
494.154941559
495.585561752
500.248514891
491.472474813
501.842804432
494.915220737
493.65232563
499.805438757
493.440829039
501.463351011
499.363987684
492.593345404
494.659948111
504.062219381
496.250674486
493.259617567
495.61678195
491.281122923
494.943261147
496.998067141
504.666418314
498.766751051
495.532257795
499.921005011
491.390771866
494.880225182
497.704497576
608.57648325
496.949730873
492.455644846
492.855326891
497.076835155
494.111208916
495.062724829
493.814988852
496.266700268
501.592552662
492.484349728
497.832919359
496.298602343
492.980259895
498.787063122
498.189773321
494.358079195
500.536686182
498.034538746
494.875423908
499.800860167
501.160003185
494.747710466
493.794539213
497.015000582
486.461680651
492.589010477
498.746678352
498.432427645
495.705161095
492.982632875
499.130157709
498.631241322
494.805063963
503.1127491
502.545762539
497.144587994
498.887552023
499.283557415
494.534686089
496.562942266
412.817644835
498.836002827
492.590200901
502.915929317
502.432775021
491.945459604
494.733139992
498.957850218
500.056874752
493.609863281
498.424696684
496.123502254
490.345570564
500.453512192
494.755745411
497.628535986
493.355983734
498.787554026
497.302448511
496.132950068
497.34296155
495.392893553
494.369988441
495.765495539
494.008975744
502.167359591
497.209692001
494.732073307
500.751678467
495.125976086
498.322809696
500.996861458
498.304373264
496.348559141
497.221435547
495.806997061
494.027840137
491.84675312
497.976379871
497.272530794
400.677787066
498.140947819
488.004540205
497.191530704
495.938414574
494.433754206
490.472756147
490.501204014
496.225440025
497.474271774
493.157229185
500.104408026
496.648212433
496.314870596
504.773947477
492.873690844
499.375852346
493.893017292
497.303002596
490.782347441
493.186878204
499.627401114
493.900578022
494.898654938
492.067874908
499.210711002
495.838132381
492.806192636
498.447802305
496.517324686
497.91550684
494.916204929
500.298556328
499.488746405
506.011598349
497.690396547
406.745889425
499.738811493
498.483902931
495.81903553
490.547527552
494.681453705
492.125082493
495.904639721
495.645039082
490.741356134
498.225299597
498.861842871
496.636475325
498.04499197
493.10751462
497.964084625
491.591916323
492.397035599
496.171599865
499.554337025
499.254516602
499.84325242
499.621238232
493.967278719
498.471228838
491.341770887
496.981472015
497.013315916
500.694022179
494.700745583
490.466035366
497.795398712
491.405376196
403.465809107
503.983671665
494.848042965
494.759944201
508.42348671
493.457960129
494.257359028
497.515095472
504.287847519
497.977066994
489.926911116
495.80346489
494.811458826
494.808018923
509.121278048
498.485089302
497.495752573
490.46643424
495.484331608
492.597311497
498.278996706
504.006394863
494.650898695
494.031903744
497.643996716
402.255549431
488.656184435
493.922585249
491.961550951
494.113842249
493.124530315
487.203222275
496.232019424
490.083344936
496.748687029
495.595337391
493.301099062
496.67459774
498.283386707
497.608773947
494.27150321
495.739496708
500.779971123
492.778401136
502.950115442
493.206594944
501.197768688
496.148970366
499.527426243
499.70774436
491.993933916
342.630743742
497.959234953
494.926214695
492.695248604
495.942737341
494.856250286
491.081243277
496.32677412
498.83894372
496.09132266
495.22213316
494.422399759
490.786672115
505.738215446
496.419484377
492.028691292
494.476724625
496.276511669
496.111638069
495.582964182
499.528911114
500.077733994
495.642462015
495.182031631
497.921211958
495.135822296
496.451711655
490.163131952
498.78723979
495.931645393
494.869314909
495.567487001
493.144222975
498.679527998
495.908729315
495.218494415
490.577519417
497.938379288
495.73238802
499.255414486
495.214300394
496.482414722
494.586555004
493.995466232
495.311275005
502.285087824
498.075204849
493.562684059
500.070407629
491.384788275
494.677603483
494.024409771
502.608603239
492.287293911
491.258365154
496.381304026
498.607463121
495.396169901
496.193850994
496.256701946
493.843403339
497.972221613
492.813970089
499.544220448
495.365659952
495.371214867
494.778944969
499.339531898
495.870480537
493.582761526
500.883488894
497.803212643
497.106338739
493.411988974
492.497200012
496.051640987
495.743906975
499.832899332
495.760688066
502.36469245
493.295759201
497.20935607
490.034024954
498.568078995
493.773430109
491.828761101
490.938714266
494.410130024
489.809735537
494.702506781
507.860067844
499.396394253
505.258007288
493.723931551
490.862386465
496.749441385
496.211624384
496.327906609
493.775099516
500.616804123
501.369634151
501.83050108
501.22395587
498.8567698
497.443503141
494.4189744
493.123719215
492.951492548
497.69510746
494.995155334
494.450852871
495.486072779
492.171149969
493.192183495
492.520594835
500.416809559
494.067249298
498.005988359
494.251435995
497.170880079
494.023801088
493.80395627
507.728903055
509.532865047
512.995558262
511.882568836
518.849087477
518.433771372
506.944640636
507.158062696
517.793584347
509.162243128
511.737785101
516.123543024
510.754680395
515.434030294
508.943157434
508.669331789
507.265449524
514.529869318
516.683598757
512.930461407
514.690288544
509.509470224
512.79347229
515.179891586
512.591763973
517.664365768
516.855285883
511.077628851
513.822242498
515.679758072
519.852350712
508.706974983
511.673522234
516.231673717
512.903378725
508.024209738
506.776671171
515.598745584
513.577709675
514.09873271
508.887428999
513.95349741
511.399594307
513.524497032
509.293242931
510.751891136
513.602620602
514.027079582
513.277740479
513.514795303
508.900071859
510.481945038
515.456599236
514.817572355
512.909168005
508.906443119
511.215282202
511.586056948
508.55138135
507.956016064
512.7181108
512.89264822
513.514075994
512.180084229
513.415953875
509.93885994
511.61823988
516.991717577
512.454731941
512.082774878
512.613120317
513.968562603
513.317717314
508.820388317
511.338351011
512.237873077
511.323098183
512.314883232
512.920238018
519.357232094
512.827879429
513.083724976
518.123724461
511.743812323
514.696650982
510.484551907
514.136742592
511.440088511
510.708084106
510.337764263
519.578097343
509.951605558
511.770099163
509.557172775
506.795517206
514.611656666
514.023292542
495.759936571
499.748380423
499.30126071
494.918395996
503.523835182
494.84612751
498.103583097
502.173544645
500.481250525
499.531847
502.295235157
497.840496063
500.524089575
504.413147449
497.567480326
498.021562338
498.884515285
504.978084087
499.964169741
496.671075344
494.547877073
501.866050482
498.037775278
493.031707048
496.323681355
502.098440409
503.546565771
496.00817585
401.929315329
407.03430438
393.493921757
399.1667068
399.466413021
394.959819078
402.388541698
415.857773781
397.741442919
497.190434933
495.216873884
493.318485022
492.936113358
502.519538403
495.226987123
495.652723789
497.747566462
498.954762936
495.702557325
499.606429577
494.802752972
493.3984797
497.769695044
492.026827335
490.586600065
494.540378094
496.97433877
495.325209141
498.902053833
494.430569172
495.141897202
491.8213799
500.250129223
494.529930115
493.732196331
495.609503031
339.814257383
493.650173903
399.293708086
494.483728647
411.693158388
405.539418459
405.611999273
390.662793159
395.762833118
396.496759415
390.312508821
495.483479261
493.506695747
