41.3215274811
41.6560051441
41.4008908272
30.9768249989
41.397667408
41.761793375
40.5899152756
41.4483575821
41.1827304363
70.9429974556
41.0819957256
31.1740472317
41.357323885
52.2755441666
41.1523938179
41.2103493214
51.0482487679
41.7013859749
41.0003769398
41.3267943859
41.0787389278
52.5873599052
30.6502935886
41.0740709305
42.5133559704
41.5460956097
41.8357081413
41.3418798447
51.6374995708
41.7904679775
41.7835214138
41.5836308002
43.2919836044
41.0874404907
41.1456634998
40.8043894768
40.4204275608
41.5054056644
30.7877829075
41.2210667133
51.7767395973
26.7995615005
26.8335058689
26.731621027
26.795217514
26.6089720726
41.0087404251
40.6339402199
26.8561918736
26.9970452785
41.4335911274
40.8963029385
41.0735490322
41.0731656551
41.1276371479
41.1954421997
42.4495484829
40.9351863861
41.5754723549
41.0356297493
40.7837481499
41.1198174953
41.169246912
51.833791256
42.3657758236
41.4167869091
41.6086714268
41.3763995171
41.2735171318
41.819475174
41.3371479511
42.3282809258
51.2380936146
30.6543998718
30.9385194778
40.6686768532
41.3412156105
41.885456562
41.3962512016
41.4882874489
41.1358997822
41.5833754539
41.7638239861
40.9857401848
41.1435627937
41.0217735767
42.3288640976
40.8610601425
41.348097086
41.1749060154
41.0174093246
41.4061326981
50.8184478283
40.8034858704
51.1405034065
51.152012825
41.4584846497
51.8922495842
30.7767922878
51.3717763424
41.2512664795
40.7503893375
41.0719058514
41.4648633003
44.9454488754
40.9098720551
40.4464557171
41.0069389343
41.7725701332
43.6681852341
40.8230435848
44.6591632366
51.4941620827
40.668636322
50.7451856136
40.1588571072
51.1209187508
44.425018549
41.3836328983
42.5446341038
50.9362139702
41.1896879673
41.4655468464
51.3022522926
52.1568682194
41.2493588924
41.5273156166
40.7496771812
41.6752586365
41.1834211349
41.5761229992
32.0686616898
32.6937901974
42.4347925186
32.610667944
32.346965313
33.0717999935
51.4876010418
32.3298206329
41.103613615
41.0614926815
41.3374538422
32.5445296764
32.4821593761
32.1964867115
41.0300779343
32.2266514301
41.3963773251
40.750054121
41.1726107597
42.1767704487
41.712429285
41.3020448685
40.8145465851
41.0504388809
41.315767765
40.5698812008
123.240214586
41.0486855507
40.6054856777
41.2424361706
41.4912786484
40.7052724361
49.7811334133
53.7334804535
52.5427136421
52.4154925346
33.1287240982
34.0479781628
33.45586586
33.8676922321
32.3107457161
32.3107483387
32.0795109272
26.4251270294
26.4779157639
26.2959628105
105.92859745
137.678672075
33.5495131016
32.7914032936
32.3384201527
26.4462542534
90.7315528393
63.8868558407
58.2876706123
56.7245848179
41.0422275066
33.3444402218
33.2027738094
33.1805875301
33.3151757717
33.5505242348
32.5544817448
32.1754808426
32.5491225719
32.6322538853
32.9459724426
33.6825180054
40.9817399979
41.3741600513
40.6495456696
33.1085503101
41.3221933842
40.6701512337
40.5379612446
40.9434175491
40.6730310917
32.5667760372
32.4141833782
33.5014035702
42.7355854511
40.0128946304
42.1219978333
41.7860271931
33.307081461
26.059381485
55.7798144817
58.8098735809
55.6324663162
52.7728655338
53.1721198559
52.7869486809
32.0378074646
32.5639555454
40.7745068073
40.3331201077
40.9043850899
40.880998373
40.8895246983
40.4631819725
32.0971703529
32.0768342018
32.0879666805
32.8671417236
31.8528761864
35.2584412098
32.5441653728
31.7738451958
33.5290997028
32.757137537
32.8466012478
32.7101688385
32.9051692486
32.9337735176
41.3563988209
33.2957303524
40.6199944019
40.9664275646
41.0682733059
40.9062333107
40.679027319
41.2611265182
42.5406591892
41.0699996948
44.3778619766
43.3489563465
41.3147222996
42.1439187527
41.8095850945
41.1295604706
33.1097445488
40.6644964218
41.9119307995
41.1831200123
40.6719379425
32.515209198
32.1022641659
32.3380434513
32.0175549984
32.2837486267
31.3056128025
41.1757311821
40.8497085571
41.4453992844
40.5320224762
31.8791356087
32.4398341179
34.3360805511
40.8708999157
40.9559781551
32.8240718842
34.1205494404
33.1254138947
33.1939885616
40.9185056686
32.6314768791
41.2796909809
41.6121356487
40.6546962261
40.7525837421
40.9603888988
40.4316027164
40.5536575317
32.1508984566
40.6453442574
39.9629971981
39.9379997253
40.7428743839
41.6787192822
42.2747709751
42.7003712654
40.7657320499
40.5289378166
45.2900698185
45.8880515099
41.1794388294
41.0992233753
40.7783489227
40.8844008446
30.9782369137
32.4065690041
32.0060572624
31.9666349888
40.532147646
40.609085083
40.8494153023
40.6302146912
32.2324635983
41.0145661831
32.5759181976
33.1070475578
41.1257607937
33.6625890732
40.8569538593
34.5359060764
41.3416264057
41.0996129513
41.0217089653
33.0605635643
41.1846652031
41.0627064705
40.9668831825
40.8548438549
42.7987844944
42.4034433365
40.8097455502
40.741420269
40.9527390003
40.953233242
41.2857141495
42.3965210915
42.732739687
40.7092981339
41.7709145546
41.9529480934
30.4722628593
41.0146453381
32.0977501869
41.0976982117
40.7456386089
41.8914027214
33.1078550816
32.0176231861
40.9894137383
32.134165287
40.7168383598
40.840821743
40.3038132191
33.5196428299
33.0601704121
40.6762037277
33.1967329979
40.538036108
40.9482607841
33.9759316444
32.9635117054
41.1651787758
41.2595491409
40.6338255405
41.3469936848
40.7331221104
40.4398052692
41.2809615135
40.3722355366
40.824256897
41.1127686501
40.7839157581
40.9124796391
40.7054994106
41.0910646915
30.4884393215
40.6924118996
42.6676850319
41.0338327885
31.0033328533
40.8663163185
41.2724792957
40.142973423
32.2144787312
32.2275013924
41.120149374
41.2023131847
41.0598335266
32.6840617657
40.8490395546
41.2898283005
40.7188782692
32.6772279739
33.3879942894
32.9583477974
41.4070942402
41.3030929565
34.5377275944
41.0360701084
33.3796052933
41.476526022
41.5948166847
40.8741679192
41.1888720989
41.247225523
41.4685542583
41.128433466
31.089905262
41.2419161797
41.3493845463
41.3067240715
30.789927721
43.335921526
41.6830327511
41.53677845
41.189902544
41.2630507946
54.1283791065
32.3689174652
32.3897321224
40.8891522884
41.130156517
42.0371835232
32.2700328827
41.3502063751
54.38017416
53.4472594261
41.167091608
41.0430021286
41.0334062576
41.4369637966
31.3485376835
40.8764708042
32.2300567627
32.9115474224
33.0212295055
31.297929287
33.2723419666
41.5736966133
41.2390778065
41.1685042381
30.8017303944
41.9463751316
41.1806781292
41.1302886009
41.0233402252
41.468132019
41.0698103905
41.3859272003
32.4825687408
41.3652739525
41.0191857815
40.8449902534
32.827426672
41.4483880997
41.4509336948
41.0513827801
41.2671298981
41.133215189
43.1853013039
40.8109130859
32.5355708599
41.2401819229
41.0135233402
41.7371881008
41.201458931
41.1032876968
41.1766197681
42.5694000721
41.4772746563
53.1766762733
31.3304803371
41.277017355
41.4757237434
31.4346733093
41.5006988049
30.5307378769
32.780164957
41.8597855568
41.5607225895
41.531059742
33.1849303246
32.7713496685
41.4106411934
41.1525502205
41.4557430744
41.7833173275
41.7321593761
41.342012167
41.1637117863
41.1594760418
41.9737799168
41.3721716404
41.698690176
41.4148283005
41.3557021618
40.9382629395
41.5845520496
42.7960674763
42.7431313992
40.5567162037
41.4898264408
32.7295408249
41.4774813652
32.7863481045
31.0374541283
41.0215375423
41.0346045494
41.0784642696
30.6141359806
31.11160779
42.6733605862
56.355973959
42.2848954201
41.7054994106
41.5617258549
41.0359756947
30.9552519321
32.7838494778
42.6787612438
41.5069849491
41.1516830921
33.6859748363
32.2194721699
32.2288787365
31.1169776917
41.0516073704
41.0364046097
41.332545042
41.0402419567
41.4601023197
41.2346224785
30.7002520561
31.5931925774
41.4689164162
41.6918363571
41.2465946674
41.0598299503
41.9467129707
41.5191986561
41.8685116768
41.5527915955
41.0620634556
41.5391681194
42.9950327873
41.3743655682
43.3591003418
41.384799242
41.5677831173
41.249284029
40.6538448334
40.448939085
32.6009988785
42.4314887524
40.9188191891
41.5969593525
41.586616993
55.4715950489
41.9408178329
42.222001791
41.2929110527
41.3708987236
41.293258667
30.4969124794
31.0711417198
30.8734836578
32.6674301624
33.5299744606
41.4984447956
41.4856376648
41.2130382061
40.8870761395
41.3669462204
41.3877835274
41.7944283485
41.0643661022
41.1298756599
41.758865118
41.8314194679
41.9294998646
41.835303545
41.2027282715
41.1857917309
40.6950807571
40.554764986
33.8364822865
41.1287913322
41.0802576542
43.1914396286
41.0998589993
32.7992737293
40.9528632164
41.021007061
41.2067658901
40.5167517662
40.3489825726
50.2806470394
66.6107192039
52.8563940525
40.8308432102
40.4008030891
40.8569228649
52.6931540966
32.8081908226
31.5035004616
33.4435575008
30.566937685
30.866549015
41.1217722893
40.8810408115
40.9225039482
40.6651875973
30.5898861885
40.9307050705
40.5065877438
41.0708143711
40.5730667114
40.62621665
33.5305063725
41.5411481857
41.3260183334
40.7149569988
40.7301549911
40.8194468021
40.0818459988
40.9846920967
40.8071126938
40.8870174885
41.3171401024
42.1154522896
49.7795467377
40.6269893646
39.9252960682
40.7338564396
40.7801318169
40.6821041107
41.03404212
42.315612793
41.6822471619
41.0547261238
40.5333628654
40.9584696293
42.5367472172
32.8406324387
31.8006138802
32.8407645226
26.4053280354
26.4858670235
32.7787969112
40.5689327717
40.8039083481
40.8066534996
40.8862495422
41.0932612419
40.6052629948
40.4534683228
40.7968084812
32.0856876373
40.5074694157
40.7814836502
41.1965248585
40.6933686733
40.7887096405
41.1070857048
41.4369895458
40.3479886055
40.6673004627
40.6635150909
40.9271109104
42.0228157043
41.6782131195
40.9416139126
41.1956820488
40.731793642
40.6815605164
40.5419135094
40.1955699921
40.8675193787
42.1633498669
41.322435379
40.8346054554
33.0961661339
40.979681015
40.6198649406
42.8146445751
26.6890256405
26.40984869
32.2060337067
32.1001698971
53.7637155056
40.3884253502
41.0228180885
41.2739753723
41.1565768719
41.0124180317
41.2656440735
40.7158632278
40.8844747543
40.4789454937
40.5175132751
41.5928471088
40.8700580597
40.5943415165
40.894641161
40.2922360897
40.9515664577
41.2574822903
41.0286691189
40.8488013744
40.5795879364
40.6959545612
40.3390254974
51.6606531143
40.4293026924
55.7609550953
46.8436820507
41.6240565777
46.0595140457
45.9426496029
51.8315534592
45.8953990936
46.1057212353
46.1390404701
46.2207436562
45.6419098377
45.4539084435
45.3892581463
45.3572323322
45.0241320133
44.9369614124
45.0168757439
41.9695374966
45.07239151
45.0627865791
44.9087064266
41.2145533562
46.2575452328
45.8483607769
45.8366925716
45.9049069881
45.7842953205
45.8042092323
45.8560380936
50.85552001
50.6437363625
50.7326855659
50.5990352631
50.7608048916
50.9572160244
51.5596046448
51.0196373463
50.7149302959
50.9365839958
41.0169146061
51.0777444839
40.87707901
52.7711312771
41.181299448
41.0739097595
41.4096896648
40.7476215363
40.3125946522
40.1388885975
40.1512913704
41.0423283577
40.9751815796
40.8757815361
41.3769271374
41.8773648739
40.6055808067
45.631100893
64.0732457638
41.8107583523
50.9309668541
32.7333421707
42.1277725697
42.0467939377
42.0291106701
50.5256536007
50.823890686
51.0158166885
40.5029461384
40.7566859722
40.5388109684
40.7870175838
40.9145224094
40.7293486595
40.3692903519
40.3775999546
40.964651823
41.01364851
40.6228883266
40.426866293
25.9745676517
45.8778047562
45.9690585136
26.007515192
50.534835577
35.9255309105
35.9317650795
35.8685057163
40.4215261936
26.3170731068
53.488150835
53.3537621498
41.6926057339
32.4095473289
31.8523135185
44.7398524284
26.0525035858
26.1035394669
25.9724843502
26.4004852772
25.9559166431
25.8013408184
40.8334572315
41.8267569542
41.1222100258
41.0301887989
41.1171014309
41.1911144257
40.9636781216
40.856143713
40.3233273029
40.9954543114
40.3673770428
40.6633584499
40.9743556976
40.8950901031
40.6944572926
40.7311272621
40.5638754368
42.2190721035
40.733486414
40.3335762024
48.0418372154
47.9563376904
40.876291275
42.9526555538
41.1495511532
52.052293539
51.5449676514
26.3071279526
40.8481805325
25.9899024963
26.1472702026
26.0246641636
25.9334475994
26.0586726665
50.9870951176
41.3002841473
32.3740315437
41.1104371548
41.0952367783
40.8177189827
40.6827843189
40.6207652092
40.9427642822
41.2338993549
40.8101427555
40.6289224625
40.7571094036
41.022608757
41.1599318981
41.1904640198
40.8888492584
40.9903414249
40.897133112
40.8526296616
41.0349388123
42.3806087971
45.5727462769
40.5644087791
42.1281101704
50.8228549957
26.0803763866
44.1521441936
35.949119091
26.1033422947
26.020658493
26.0414803028
26.0627319813
51.8566188812
50.9570457935
51.2442038059
51.2068631649
51.0622205734
50.09126544
40.6533768177
40.525093317
42.2219057083
42.0354866982
26.1923801899
40.5644803047
40.9788782597
26.1890568733
26.0120720863
26.0792298317
25.9769308567
50.8975782394
51.0738489628
50.8979904652
50.7978405952
50.727786541
50.4622983932
50.8110122681
50.7532320023
41.1859850883
40.7524549961
40.8106181622
40.7056179047
41.2789847851
40.8664186001
41.2910885811
40.659424305
40.5667512417
40.7729258537
40.3404064178
41.4868581295
42.1381645203
40.9022634029
52.7914187908
41.0016822815
40.7387342453
41.1785368919
41.6255123615
50.6813735962
52.0168180466
40.7728266716
40.8235952854
41.3170981407
40.4990618229
40.5655677319
40.7556984425
40.774998188
41.2196147442
33.0685257912
41.4424123764
50.7535221577
40.7256422043
41.2516696453
40.6843101978
40.6348583698
40.6387581825
40.8455190659
40.6112995148
45.2761590481
45.3324716091
45.2834365368
51.0325958729
50.8002409935
51.1749403477
51.0356361866
50.824696064
41.0332503319
41.2665569782
59.2780063152
40.7759311199
40.5872409344
42.2828295231
41.3490352631
41.6407878399
40.9857785702
40.6980617046
40.6945586205
43.3732750416
40.8705685139
40.8461461067
41.2726368904
40.9181187153
32.5118880272
40.0994818211
41.3347656727
40.3869378567
40.3230936527
40.2883443832
40.6351606846
41.7806255817
40.6011815071
40.8912408352
46.1824755669
45.7203075886
45.7406110764
46.2231209278
46.2721679211
50.6026744843
50.7815856934
50.7736070156
40.6144456863
40.5873105526
40.5924315453
40.5818696022
41.0684087276
40.7059187889
