16
11
1
17
10
14
0
0
31
22
0
0
26
17
0
0
0
0
20
12
21
24
0
0
25
0
0
19
0
0
13
0
23
25
13
24
27
22
18
0
0
20
13
13
25
0
0
0
20
13
3
21
15
22
25
26
0
0
16
20
18
16
0
25
9
0
31
33
21
0
20
21
0
0
0
8
24
24
0
20
29
0
26
21
17
0
0
10
0
11
0
0
0
25
31
24
0
11
22
0
32
0
20
23
33
31
24
16
0
24
22
13
10
0
17
15
31
0
14
12
21
16
17
12
23
0
22
33
27
27
27
20
24
18
26
0
27
0
0
0
23
23
8
0
26
0
28
32
0
17
25
12
26
30
0
14
20
13
24
30
0
27
15
15
0
26
16
17
0
9
26
15
29
15
22
12
19
19
22
0
1
0
14
27
0
37
24
27
24
26
27
22
31
23
30
25
26
0
19
23
17
22
23
17
0
22
0
21
0
17
5
27
23
0
16
0
22
25
16
0
12
19
0
7
0
0
0
25
23
0
15
0
30
26
14
32
27
31
22
19
0
28
0
0
23
20
0
31
11
21
0
22
26
18
0
20
23
27
0
28
27
20
0
29
0
11
19
15
15
19
18
20
26
22
26
0
24
9
10
10
15
26
0
0
20
0
24
24
27
29
0
0
0
0
19
13
9
17
10
23
