15
10
17
15
5
11
27
12
31
18
25
21
22
15
12
19
21
16
19
12
20
24
20
10
24
20
15
17
22
31
13
18
23
23
11
23
26
18
16
12
24
16
11
12
25
15
24
14
19
19
4
21
14
22
23
25
6
11
12
17
18
14
32
24
8
20
31
27
20
15
20
19
13
14
23
7
22
20
17
18
25
21
24
20
17
10
21
22
23
18
26
7
15
22
27
24
24
10
21
14
29
18
17
22
26
27
24
14
17
21
19
12
19
29
16
13
30
28
12
10
18
13
14
10
20
31
16
30
21
23
25
17
22
15
23
19
23
19
19
12
21
20
15
20
26
26
25
30
29
16
22
10
25
29
15
9
17
11
21
27
22
27
12
14
24
24
11
24
20
20
25
15
25
15
21
12
15
18
21
15
32
3
11
25
16
37
21
25
21
22
26
19
28
20
29
21
23
18
19
22
15
20
22
17
19
21
10
21
29
17
13
27
21
22
14
27
22
23
16
16
12
19
20
6
13
16
23
25
23
23
15
25
26
25
12
31
25
30
22
18
16
28
11
28
23
17
22
30
9
19
19
22
26
18
26
18
20
26
28
25
26
18
22
28
25
9
19
15
15
19
18
18
24
21
25
23
22
9
10
9
15
26
11
22
20
18
22
24
26
29
24
13
22
11
19
12
16
15
8
22
