30.02
28.12
28.77
32.59
29.54
28.14
28.52
28.42
32.00
31.98
29.32
28.31
32.35
29.12
28.83
31.45
28.86
28.56
29.07
29.17
28.39
29.32
28.46
28.03
29.75
28.69
29.45
30.54
28.83
28.24
28.36
28.92
29.52
28.95
29.74
31.62
29.51
29.24
29.43
30.09
31.10
29.25
28.25
27.77
28.45
29.96
28.56
28.98
28.27
28.01
29.95
29.30
29.40
30.30
30.33
29.86
29.58
28.14
29.38
29.34
28.71
28.06
28.29
28.72
28.53
29.02
28.48
30.02
30.31
28.56
28.88
28.18
28.47
28.91
28.53
29.23
29.30
28.42
30.02
28.82
28.43
28.75
28.89
28.20
29.16
27.58
29.70
29.59
29.32
28.28
28.83
28.83
29.23
30.60
29.78
29.03
28.77
28.17
29.75
30.88
31.27
27.18
27.51
27.03
28.76
27.23
28.70
27.39
28.03
27.27
27.84
27.30
28.53
27.15
27.60
27.23
27.82
27.74
28.51
28.28
28.30
27.28
27.95
27.26
27.85
27.48
27.74
26.95
27.39
27.13
27.60
27.68
27.42
27.47
27.73
27.61
27.86
27.32
28.40
27.21
27.67
27.51
27.91
27.23
27.83
28.63
28.00
26.93
28.61
30.09
29.02
27.58
28.17
27.96
28.58
27.55
28.13
28.15
29.04
30.22
27.23
28.95
27.66
28.26
28.37
29.24
27.84
28.33
29.69
27.42
28.04
27.29
27.67
27.38
27.68
27.59
28.18
27.85
27.92
27.34
27.51
26.61
27.67
27.40
27.71
27.34
27.93
27.44
28.03
28.23
28.38
27.54
27.94
27.26
27.76
27.30
27.86
27.36
28.13
27.64
28.78
28.14
29.17
29.39
30.00
29.58
29.09
29.06
28.60
28.39
28.22
28.71
29.17
28.43
28.59
28.50
28.90
28.15
28.94
28.52
28.88
29.62
28.82
28.49
28.44
28.21
29.20
28.47
29.01
28.09
29.28
28.13
28.95
27.86
28.96
28.20
28.77
28.63
28.85
31.25
28.93
28.25
29.74
28.59
30.15
28.63
28.40
28.28
28.14
28.33
28.73
28.34
28.78
28.04
28.46
28.54
28.94
28.36
28.85
29.15
29.43
28.49
29.16
29.45
30.03
29.11
28.44
28.86
29.59
28.47
29.92
28.57
28.79
28.04
28.71
28.24
29.62
29.32
29.00
28.56
28.71
28.72
29.09
28.91
29.27
28.14
28.89
29.67
28.38
30.43
28.22
30.54
30.18
27.94
28.69
28.24
28.65
28.14
28.33
29.03
