15.40
15.16
15.22
15.13
15.45
15.68
15.13
15.26
15.15
16.62
17.22
17.21
16.35
15.19
15.08
15.27
15.50
15.20
15.28
15.15
15.11
15.17
15.24
15.21
15.19
15.37
15.25
15.30
15.22
15.66
17.06
15.37
15.16
15.22
15.22
15.33
15.32
15.52
15.30
15.34
15.52
15.22
15.24
15.14
15.15
15.08
15.15
15.56
16.06
17.30
17.16
17.26
19.76
15.32
16.05
15.68
15.41
15.40
15.67
15.34
15.27
15.35
15.65
15.44
15.46
15.36
15.16
15.26
15.76
15.45
15.45
15.37
15.82
15.68
16.29
15.93
16.14
15.82
15.92
15.44
15.85
16.62
15.77
15.82
15.94
15.68
15.55
15.80
15.50
15.35
15.44
15.38
15.57
15.32
15.28
15.05
15.65
15.14
15.67
15.57
19.19
17.08
17.03
16.61
15.62
15.81
15.21
17.47
15.03
15.61
15.23
15.09
16.76
15.31
15.29
15.29
15.10
15.09
15.13
15.19
15.12
15.32
15.05
14.94
15.03
14.99
15.24
15.09
15.14
15.16
15.16
15.11
15.21
15.06
15.12
15.07
14.91
15.31
15.07
15.28
15.30
15.12
15.19
15.07
16.65
16.82
17.05
16.44
16.34
14.98
15.09
15.16
15.06
15.28
15.06
14.95
15.17
15.05
15.20
14.99
15.01
15.19
15.96
15.26
14.95
15.15
15.10
14.97
15.22
15.00
15.03
15.31
15.21
15.52
15.11
15.17
15.22
15.21
15.26
15.10
15.11
14.94
15.22
15.30
17.05
18.08
16.98
17.24
15.11
15.21
15.06
15.77
15.78
15.91
15.67
16.22
15.15
15.15
15.03
15.27
15.72
15.14
15.20
15.29
15.25
15.12
15.20
15.20
15.23
15.05
15.30
14.86
15.09
15.03
15.03
15.13
16.29
17.13
16.62
19.17
17.69
15.58
15.43
15.04
15.11
15.02
15.19
15.12
15.42
15.08
15.20
15.53
16.30
15.38
15.45
15.39
15.29
15.34
15.11
15.42
14.97
15.19
15.02
15.13
15.24
15.21
15.12
15.14
15.27
15.43
15.02
15.22
15.17
15.31
15.07
14.99
15.64
15.07
15.02
15.13
15.01
15.06
15.01
15.02
15.23
17.69
16.58
16.48
16.80
15.27
14.96
15.24
15.15
15.00
15.08
15.02
15.29
15.12
15.03
15.10
15.27
15.01
15.03
15.07
15.12
15.04
15.04
15.13
14.94
14.98
14.91
15.03
15.12
15.00
15.02
15.13
15.08
15.01
14.94
15.29
