21
11
8
22
15
23
20
11
17
19
12
14
18
25
3
17
27
17
23
21
18
3
21
16
24
15
17
14
19
9
25
13
12
12
8
21
7
17
9
20
18
21
19
18
13
14
15
15
21
19
22
14
15
17
13
15
13
20
26
8
20
15
18
23
9
22
26
13
12
13
11
19
14
14
23
19
16
17
16
22
17
13
19
9
14
18
17
15
18
10
19
17
19
14
19
21
14
10
21
11
14
14
9
13
23
21
22
18
6
20
21
19
7
13
14
14
17
14
12
19
13
20
20
20
10
5
9
20
7
23
30
20
8
20
16
16
17
17
17
16
18
14
18
16
13
13
17
17
9
24
16
11
5
16
19
13
15
21
16
8
24
17
10
12
15
19
10
21
9
15
17
12
15
13
8
20
17
11
18
13
9
26
17
13
23
29
19
11
17
12
14
17
24
21
15
15
11
8
17
18
