6.603195667266846
4.926473379135132
6.448482275009155
4.819791555404663
6.743974685668945
4.8698508739471436
4.936478614807129
5.1622021198272705
4.9772398471832275
5.998085975646973
4.881673097610474
4.914966821670532
4.923591375350952
4.887476444244385
5.034649848937988
4.916547060012817
4.8872082233428955
4.858474969863892
4.948491334915161
4.976898193359375
4.883094787597656
9.162595987319946
4.888465404510498
5.1388280391693115
4.904069662094116
4.9909844398498535
4.900665521621704
4.911333084106445
5.220515966415405
4.963892221450806
5.014967918395996
4.865270614624023
4.905696392059326
4.851870059967041
5.0090765953063965
4.8788902759552
4.88362979888916
4.9361443519592285
5.036815404891968
4.893087387084961
4.865811586380005
4.995018243789673
5.090317249298096
4.865373134613037
5.0975120067596436
5.054388523101807
5.745043516159058
5.174150228500366
4.993392467498779
5.01012110710144
9.935021877288818
5.073455333709717
10.577211618423462
5.080643892288208
4.887371063232422
5.021414518356323
5.05029821395874
11.919674396514893
4.870328426361084
4.866531848907471
9.787407398223877
5.023700952529907
6.6583251953125
5.063645839691162
6.5781567096710205
5.15532922744751
5.120387554168701
4.936357736587524
7.091240406036377
4.882745981216431
9.259638786315918
4.858583450317383
10.055840969085693
4.864160537719727
4.8628504276275635
4.844382047653198
5.027524948120117
5.109498739242554
4.870085000991821
4.928725481033325
4.888416290283203
6.049022674560547
4.8893585205078125
9.120321035385132
5.035812139511108
7.901198148727417
5.01961612701416
4.85511589050293
4.846320390701294
4.975217819213867
4.827671766281128
5.403633117675781
4.8833701610565186
4.925299644470215
5.1189446449279785
4.855907678604126
4.90504264831543
6.65825343132019
4.998253583908081
4.8463287353515625
4.885296821594238
4.961467027664185
9.150964975357056
5.229766130447388
5.057438373565674
5.080964803695679
4.940310001373291
13.722885131835938
4.917135715484619
7.855830430984497
4.892898321151733
4.957800388336182
5.12847638130188
4.998305559158325
4.9480907917022705
11.375446557998657
4.995047330856323
5.038965225219727
5.021921396255493
4.951725244522095
4.841246843338013
4.997971057891846
5.01398491859436
4.862502098083496
4.887065172195435
4.877480745315552
8.837857484817505
4.958967208862305
9.99053692817688
4.880703449249268
4.980383634567261
4.882679462432861
4.973016977310181
4.902926683425903
5.101223945617676
13.318116188049316
5.041031360626221
4.890484571456909
6.2333409786224365
5.019255638122559
4.907713174819946
5.0081822872161865
4.947860956192017
8.229036092758179
4.884072780609131
8.93480634689331
4.945751190185547
4.92112922668457
4.874613046646118
4.960404396057129
5.041667699813843
4.992758750915527
5.073903560638428
5.0033278465271
6.90546441078186
4.868274450302124
4.87653923034668
5.066948652267456
10.93126392364502
4.848049163818359
4.864520072937012
5.0045928955078125
5.083878040313721
4.839998960494995
5.0448057651519775
4.86559271812439
6.978258371353149
4.955812454223633
5.046853065490723
5.018170118331909
10.221401453018188
4.970546007156372
8.893934726715088
5.014022350311279
4.995780944824219
4.84718132019043
4.867532253265381
4.825153112411499
5.132628679275513
4.859999179840088
4.955186605453491
5.396589756011963
4.900665283203125
7.199565410614014
4.88348913192749
5.011014461517334
5.1344194412231445
7.554220676422119
5.0055992603302
5.023404359817505
5.091835260391235
4.916507959365845
5.003241539001465
7.008792400360107
5.0615668296813965
5.079389810562134
4.874719619750977
4.899184226989746
5.132496118545532
4.956704616546631
