76.30
57.83
60.43
61.17
62.67
60.78
62.92
55.66
62.73
56.38
65.85
57.54
66.35
57.46
66.71
55.96
66.05
56.32
64.18
57.49
63.11
57.90
62.36
55.41
63.03
57.10
66.92
57.26
66.17
57.40
63.42
56.37
63.68
56.99
66.94
56.75
64.38
57.01
66.75
55.70
63.97
57.13
67.76
56.79
64.30
61.46
62.17
56.54
63.32
58.45
62.16
58.37
62.71
63.74
61.43
56.69
64.18
57.58
67.60
62.36
62.89
61.19
62.55
61.85
62.24
63.00
62.50
59.62
62.83
61.89
62.19
60.42
63.45
56.90
62.54
63.00
67.05
57.57
67.51
56.66
64.98
56.41
70.05
57.42
62.27
56.47
63.90
55.92
65.93
57.11
62.71
57.49
62.59
56.43
68.44
56.20
62.58
57.27
65.86
61.43
62.55
62.70
62.18
61.96
62.41
57.42
62.31
57.14
63.04
57.07
62.84
56.44
63.81
57.37
68.62
56.72
64.09
56.30
66.87
56.33
62.29
57.24
65.80
56.94
65.57
59.43
59.43
61.31
63.01
64.18
63.25
57.16
62.74
57.42
68.87
56.12
70.94
61.10
63.02
140.72
70.19
62.31
67.30
55.69
67.54
56.76
63.28
57.03
68.83
56.96
65.09
55.67
65.89
56.78
70.68
64.57
60.25
67.37
57.61
61.46
55.71
62.99
61.46
69.98
57.30
64.01
56.97
63.10
55.80
64.10
57.73
62.61
57.16
63.29
56.89
63.94
55.98
66.39
57.14
63.24
59.70
63.20
57.42
61.21
58.77
62.96
59.39
62.59
56.91
62.58
57.21
66.55
56.81
63.38
60.24
62.17
60.91
64.86
57.44
61.78
