79.69
76.67
72.67
79.36
74.45
79.56
74.19
73.54
75.24
74.01
78.03
74.86
80.67
80.24
77.63
81.33
78.69
79.40
76.17
79.18
76.25
76.90
75.87
75.20
81.64
77.05
79.06
77.07
79.74
79.37
80.28
80.09
76.50
77.29
78.41
78.10
79.29
81.30
83.19
76.25
75.16
76.38
79.08
79.94
79.85
81.48
76.23
79.22
79.90
77.24
77.61
77.87
82.39
82.72
80.93
79.65
79.63
83.11
75.97
83.94
81.70
77.18
78.09
77.37
74.79
73.44
84.36
80.11
75.71
77.17
81.12
79.02
89.91
72.07
81.44
76.52
80.18
82.41
79.35
82.26
75.58
77.60
79.35
80.16
73.56
75.16
79.71
77.81
79.21
75.43
76.44
79.71
79.99
77.53
76.79
81.62
76.01
76.90
82.99
78.72
81.87
76.71
80.80
76.00
77.90
81.22
80.61
86.47
76.47
78.30
78.46
80.94
74.30
79.65
80.55
79.37
78.44
77.49
76.61
79.81
74.52
76.62
78.98
76.18
71.81
75.55
74.58
81.96
81.62
76.27
86.11
80.35
77.78
76.45
79.87
82.17
83.58
79.19
80.85
75.83
72.97
85.03
73.21
75.41
72.70
76.22
76.39
79.63
78.84
79.06
79.28
79.63
77.31
75.95
78.40
72.14
72.75
81.02
82.28
76.67
77.27
72.58
76.03
78.36
79.34
76.21
76.32
75.53
77.99
81.58
81.88
73.95
76.05
73.81
71.57
75.04
76.40
77.41
73.43
78.64
75.45
76.87
77.54
74.45
78.14
79.65
72.66
74.13
77.06
74.42
79.52
79.64
79.00
77.85
76.82
80.78
77.10
74.15
77.95
73.14
