16
12
16
17
7
15
0
0
35
22
0
0
25
19
6
0
0
6
21
12
24
28
0
13
24
0
0
18
0
0
13
0
25
23
12
23
26
20
20
0
0
20
12
13
25
0
0
4
20
0
3
21
18
26
25
28
0
11
16
20
18
15
0
28
12
0
31
29
23
0
20
23
7
0
0
8
23
21
0
23
27
0
25
24
18
0
0
0
0
0
0
0
0
26
30
24
0
14
23
0
23
20
20
25
0
17
20
22
0
7
11
0
28
14
17
23
9
19
10
0
14
16
0
18
0
29
11
17
21
27
0
0
16
4
14
0
21
0
0
21
15
17
0
23
0
21
0
18
25
18
10
0
0
21
15
29
8
0
25
0
0
18
22
24
16
0
33
9
0
0
0
25
0
9
13
20
23
0
30
0
11
21
0
24
13
23
23
25
26
13
20
17
0
7
0
16
17
8
0
16
