15
10
17
15
5
11
27
12
31
18
25
21
22
15
12
19
21
16
19
12
20
24
20
10
24
20
15
17
22
31
13
18
23
23
11
23
26
18
16
12
24
16
11
12
25
15
24
14
19
19
4
21
14
22
23
25
6
11
12
17
18
14
32
24
8
20
31
27
20
15
20
19
13
14
23
7
22
20
17
18
25
21
24
20
17
10
21
22
23
18
26
7
15
22
27
24
24
10
21
14
22
19
18
25
22
17
20
22
17
13
9
22
26
11
16
23
9
15
25
21
10
12
14
17
17
25
9
14
20
27
14
23
12
3
11
18
20
20
14
19
12
16
9
22
14
18
15
17
21
15
11
23
14
21
15
27
8
27
20
19
14
14
21
24
16
17
29
8
25
21
24
23
21
9
13
18
20
23
28
21
10
17
26
20
13
19
23
24
25
12
16
15
25
14
16
14
12
14
28
12
