10.881798028945923
9.20890498161316
9.133320331573486
9.318487644195557
11.940119981765747
13.701118469238281
9.27925705909729
9.20477294921875
9.408795833587646
9.1691312789917
9.233577966690063
9.344545602798462
9.383991718292236
9.11664342880249
9.118301153182983
9.037956476211548
9.222778797149658
9.192721128463745
9.249825477600098
9.172012567520142
9.266942977905273
9.204943418502808
9.378648519515991
9.32159161567688
9.321128606796265
9.383421182632446
9.522309064865112
9.324607849121094
9.21523380279541
9.031452894210815
9.10605788230896
9.116230010986328
9.433820247650146
9.044938802719116
9.193284511566162
12.48586654663086
9.171156644821167
9.279156923294067
9.099885940551758
9.192014455795288
12.717782258987427
9.36594820022583
10.683043003082275
9.366161584854126
14.377774477005005
9.321890354156494
9.120830059051514
9.085382461547852
9.30024528503418
9.109791278839111
9.107333183288574
9.099210500717163
9.27322006225586
9.325052499771118
9.18683385848999
9.186453342437744
9.308744668960571
9.229920148849487
9.06739354133606
9.054046869277954
9.266328573226929
9.208774328231812
9.098304510116577
9.272525787353516
9.429732084274292
9.148573875427246
9.322374105453491
9.129774808883667
9.325511693954468
9.27450442314148
9.121199131011963
9.32378339767456
9.847334861755371
10.075428485870361
9.223977327346802
9.257740259170532
14.8592369556427
19.354705572128296
9.205716371536255
9.260058403015137
15.182807922363281
9.166424036026001
9.299745798110962
9.320521354675293
16.214065074920654
9.28297233581543
9.101810216903687
9.12748646736145
9.365887880325317
9.371273517608643
9.18308162689209
9.296619415283203
9.524879932403564
9.130781888961792
9.1713285446167
9.292920589447021
9.197900295257568
9.207669734954834
9.381398677825928
9.204779863357544
9.237009763717651
9.16384768486023
9.233788967132568
9.1426522731781
9.548402786254883
9.10510516166687
9.181161642074585
9.211771488189697
9.411903619766235
13.625500917434692
9.261019945144653
9.145492315292358
13.282599925994873
9.20942735671997
9.429984092712402
9.472429752349854
9.291991949081421
9.30452847480774
9.075027227401733
9.210363626480103
9.438509702682495
9.43443512916565
14.109807252883911
9.23508334159851
9.54972243309021
9.173324823379517
9.11841368675232
9.112690925598145
9.2554292678833
9.44542908668518
9.185537576675415
9.222676038742065
9.331596851348877
9.29449987411499
9.261534690856934
9.199975967407227
9.368090867996216
9.254566669464111
9.224588871002197
11.504162549972534
9.470481872558594
9.041023254394531
9.216105461120605
9.306739807128906
9.384122371673584
9.286584854125977
10.536966323852539
9.124399662017822
9.397331237792969
9.046128511428833
9.18545913696289
9.097346782684326
9.729136943817139
9.105867385864258
9.327391147613525
9.142436027526855
9.30949354171753
9.104501008987427
9.218027830123901
9.426016807556152
9.298886060714722
9.176100015640259
9.262592315673828
9.238335847854614
9.264809131622314
9.177030086517334
9.310444593429565
9.140485048294067
9.197540283203125
9.235702753067017
9.248055934906006
9.114809036254883
9.160701751708984
9.04798412322998
9.221044063568115
9.101253509521484
12.591672897338867
9.200666427612305
15.100324869155884
9.086177825927734
15.203424215316772
9.195929288864136
9.136569738388062
9.24424695968628
9.444026470184326
9.191290140151978
9.213594675064087
11.887210130691528
9.331673860549927
12.656034469604492
9.194921255111694
9.327104330062866
9.437764167785645
9.093806982040405
9.204705476760864
9.39331865310669
9.199311017990112
9.083250522613525
9.118324518203735
9.193352699279785
