98.35
90.39
90.26
104.54
103.60
99.00
95.05
95.36
93.74
99.14
97.74
93.06
96.52
94.44
98.49
102.82
94.02
97.70
101.56
96.33
93.46
94.00
99.04
92.58
95.14
96.46
95.96
98.07
93.26
96.18
94.80
96.33
90.87
97.73
90.96
99.07
98.22
100.56
94.48
95.33
99.08
98.48
94.69
90.89
101.64
89.86
93.70
103.10
97.53
90.65
95.36
93.25
94.25
101.57
96.96
92.26
89.53
102.07
96.00
92.30
97.54
94.51
97.52
91.54
95.76
96.85
92.00
102.93
94.91
100.96
89.98
96.25
94.38
97.08
97.25
92.85
103.78
111.83
98.70
92.50
96.26
89.89
102.71
93.53
102.59
92.18
95.53
98.61
96.13
100.85
97.63
88.51
95.87
97.55
91.59
92.83
94.47
92.12
95.51
101.23
98.11
93.15
93.07
97.41
101.65
96.11
94.61
100.30
95.57
100.40
92.92
102.70
97.32
92.85
92.89
92.45
95.90
122.54
95.13
93.32
101.67
93.23
99.11
99.47
102.17
93.62
97.87
97.11
94.13
93.68
96.06
98.68
96.72
96.55
95.49
97.79
99.21
99.25
91.82
100.75
96.71
93.53
99.06
94.36
92.57
91.31
96.78
97.85
102.34
94.85
99.84
97.02
92.42
104.87
90.04
91.78
101.79
94.09
93.24
96.50
93.62
93.07
94.06
95.70
95.59
95.40
98.40
95.72
103.10
95.49
98.23
93.57
92.94
102.79
96.42
93.54
98.79
93.65
101.38
96.13
99.67
95.71
97.68
98.27
96.03
92.64
90.45
95.52
93.88
100.96
90.43
94.71
93.37
97.50
97.89
95.84
92.46
101.77
94.70
100.01
