91.66
82.78
80.93
88.38
84.94
79.01
84.18
79.35
84.54
79.39
82.50
89.97
81.58
90.19
80.38
85.37
84.23
79.28
86.77
81.94
90.81
79.15
85.60
82.05
84.40
78.99
88.42
87.29
88.54
82.37
88.33
82.40
89.88
82.27
85.01
82.41
85.29
86.72
81.37
87.66
79.93
84.87
81.90
84.03
80.41
84.28
95.30
82.56
84.23
77.08
83.72
92.36
81.91
79.52
84.43
88.34
82.37
86.73
82.99
88.00
82.55
77.43
84.10
89.28
81.33
79.70
83.93
88.24
82.31
80.64
82.03
84.49
81.01
76.15
85.55
95.46
80.00
132.05
80.56
88.32
78.83
82.96
82.68
85.42
79.63
79.64
81.50
83.43
82.32
78.88
86.62
82.85
82.01
79.69
89.12
88.50
80.47
79.20
82.52
89.52
81.51
85.50
89.01
82.26
80.27
82.62
90.88
82.55
80.41
76.51
88.19
86.18
80.04
78.70
82.60
87.15
82.23
79.34
82.59
85.13
80.33
84.01
83.30
85.29
78.69
82.31
87.69
82.78
87.27
79.47
83.07
82.23
79.91
78.32
81.89
81.93
84.29
78.85
79.60
82.21
80.53
82.80
87.23
96.13
80.11
79.89
82.41
87.84
86.16
81.60
81.78
82.41
90.96
83.30
82.37
81.86
81.54
81.38
95.63
80.50
87.09
81.04
87.83
82.27
87.99
79.17
82.57
82.66
79.81
82.05
83.67
82.57
86.35
81.91
87.98
90.91
80.72
83.98
82.67
84.06
85.94
79.15
87.01
81.72
80.06
82.43
93.27
82.36
80.51
79.88
83.09
91.30
80.76
80.30
80.64
82.08
80.13
79.90
82.70
84.09
