15
15
14
2
9
13
11
12
11
14
9
12
6
6
8
6
11
6
13
14
4
10
9
5
5
14
13
4
15
5
13
1
10
12
7
7
17
14
14
9
12
13
19
12
7
8
8
11
3
9
18
12
10
12
8
10
13
8
9
6
11
9
10
12
11
10
8
10
4
11
7
18
10
4
7
9
13
11
8
13
8
5
10
12
11
2
4
13
6
6
6
11
14
6
4
13
3
6
2
11
12
12
5
7
7
6
9
13
7
14
6
5
4
6
3
4
16
12
11
12
15
11
16
10
9
17
9
13
12
15
12
2
3
12
9
9
15
11
11
11
20
9
11
14
5
9
8
13
7
13
14
18
4
10
7
6
15
12
9
11
9
5
13
13
12
8
13
12
5
8
11
4
11
12
13
12
12
14
6
5
7
6
7
14
7
5
18
10
11
13
13
4
10
9
13
8
2
19
10
13
