17.70
16.29
16.18
16.13
16.90
16.30
16.07
16.26
15.89
16.06
16.55
16.04
16.05
15.67
16.59
16.11
17.94
16.09
16.04
16.12
35.99
16.85
16.27
16.08
15.61
16.07
15.81
16.03
16.25
16.22
16.37
16.59
16.08
16.03
16.25
15.98
16.01
16.29
16.19
15.94
16.08
16.29
16.07
16.14
16.33
15.97
16.65
16.01
15.65
16.14
20.68
19.39
16.19
16.06
16.32
16.31
16.04
15.92
16.16
16.13
15.93
16.28
16.30
16.05
16.43
15.92
16.42
16.17
16.17
16.91
16.15
16.01
16.04
16.41
16.27
16.25
15.85
15.99
16.27
16.27
16.65
21.92
16.24
16.07
16.41
16.17
15.95
21.48
15.96
16.19
16.19
20.37
16.09
16.42
16.36
16.31
16.29
20.52
22.06
21.43
16.56
16.05
16.17
20.59
17.39
16.52
16.22
16.07
19.98
21.10
16.35
17.31
16.00
15.90
16.04
17.42
16.13
17.55
17.11
16.07
16.16
19.79
15.93
17.13
16.26
15.93
16.18
15.98
16.11
16.03
16.64
16.09
16.32
16.47
16.72
20.99
16.15
21.42
16.62
16.43
16.72
16.15
20.04
16.04
16.08
19.65
16.40
17.12
16.90
16.16
16.20
16.15
16.19
15.84
17.13
21.47
16.23
15.84
20.21
18.63
16.37
16.16
16.23
16.19
16.23
20.79
16.39
16.18
15.94
19.40
21.11
20.08
21.44
20.17
20.73
21.12
16.08
16.50
21.29
17.33
16.19
16.02
21.75
16.85
16.30
16.76
16.42
15.99
20.48
20.19
16.17
15.89
20.88
16.79
16.38
15.98
17.33
16.36
17.54
21.65
