13.430904388427734
10.700486183166504
11.374367237091064
13.561782360076904
11.47986888885498
12.688790798187256
10.680350065231323
10.59980297088623
10.596384763717651
10.960500955581665
10.98125958442688
11.59537148475647
13.475401401519775
10.214985132217407
12.4407320022583
10.573143482208252
11.026235580444336
12.711171388626099
10.769359350204468
10.693538427352905
24.624311208724976
11.16201138496399
10.924654960632324
11.38181757926941
11.129218101501465
14.014981508255005
10.571741342544556
10.606888055801392
10.825460195541382
10.872655153274536
10.912854671478271
12.154893398284912
11.522099256515503
11.752896308898926
12.011374711990356
13.554807186126709
10.974332094192505
11.026626110076904
14.282839059829712
10.534137487411499
10.797299861907959
14.498875379562378
10.618428468704224
12.636218547821045
14.007863759994507
13.368811130523682
14.838602542877197
10.568179368972778
13.453209161758423
10.849597930908203
10.489595413208008
11.146694660186768
10.814258575439453
13.095172882080078
15.164576053619385
13.694264650344849
10.628971576690674
14.073172569274902
10.650786638259888
10.649026870727539
10.613564014434814
10.68299913406372
10.814940452575684
15.139546871185303
14.476351022720337
16.02206325531006
13.276404857635498
14.74882435798645
15.365623950958252
10.920243978500366
14.282006978988647
16.31109070777893
11.924002885818481
11.512717485427856
16.791265964508057
10.802544832229614
13.839844942092896
16.210456609725952
14.279889106750488
13.584356784820557
15.940699815750122
13.18619990348816
10.917190074920654
10.800406217575073
10.793654680252075
10.651291131973267
10.62490963935852
10.56361436843872
10.568110942840576
10.677854299545288
12.548516511917114
10.81930947303772
10.58130145072937
10.61513614654541
10.698201417922974
10.87253212928772
10.745497226715088
10.798886775970459
10.767342805862427
11.018299579620361
10.95746660232544
10.674034833908081
11.07826042175293
10.640516757965088
10.637813329696655
10.908257722854614
10.65450668334961
10.637783527374268
11.153569459915161
11.37584638595581
10.76710557937622
10.578224897384644
10.725144863128662
10.51466989517212
10.685047149658203
11.139639377593994
10.640354633331299
10.583051919937134
10.979578495025635
10.61184811592102
11.234627485275269
10.553391933441162
10.494742631912231
10.883729696273804
10.804357528686523
10.52055287361145
10.727216005325317
10.897159814834595
10.59678339958191
10.721970796585083
10.571850538253784
10.772406578063965
10.872314691543579
10.87622356414795
14.825995206832886
10.676529884338379
10.66557240486145
10.574312448501587
10.745335340499878
10.78331470489502
10.584495306015015
14.82838773727417
10.68694519996643
10.704720258712769
10.523591041564941
10.635128021240234
10.914307832717896
10.517711162567139
11.031244993209839
10.738476753234863
10.51623010635376
16.092949628829956
10.634802341461182
14.193910121917725
10.90132999420166
10.614185094833374
10.612782716751099
10.552415370941162
10.75228762626648
10.816004753112793
10.966221570968628
10.72183108329773
10.780680179595947
10.882116317749023
10.578652381896973
10.866888761520386
10.742204189300537
10.662596225738525
10.369024991989136
10.61174988746643
10.583386659622192
10.833387851715088
10.945400953292847
10.883269786834717
10.784946918487549
10.63118577003479
10.594224691390991
10.56417465209961
10.558814287185669
11.06617784500122
10.98637580871582
10.6899893283844
10.64807653427124
10.660648107528687
10.66125226020813
11.132210969924927
10.723522663116455
10.461336851119995
10.505922317504883
10.702322959899902
10.739768981933594
10.630705118179321
10.696938276290894
10.95073914527893
10.97642731666565
10.644641876220703
10.500257730484009
10.692049503326416
10.639770269393921
10.650783777236938
