2.6449761390686035
1.4695491790771484
1.380131483078003
1.3269305229187012
1.3546721935272217
1.2960798740386963
1.3058490753173828
1.4702980518341064
1.2901577949523926
1.2938930988311768
1.433182716369629
1.3537571430206299
1.2602064609527588
1.2948429584503174
1.4149808883666992
1.2850961685180664
1.3498635292053223
1.2747421264648438
1.3027400970458984
1.3179457187652588
1.3664169311523438
1.4533379077911377
1.3858273029327393
1.3016228675842285
1.2669897079467773
1.2481927871704102
1.2523865699768066
1.2486023902893066
1.3474130630493164
1.292823076248169
1.2997498512268066
1.3102293014526367
1.265714168548584
1.2575159072875977
1.3847038745880127
1.3095276355743408
1.2621426582336426
1.528425693511963
1.403740406036377
1.313910961151123
1.265390396118164
1.434919834136963
1.3499445915222168
1.2540345191955566
1.3122656345367432
1.2972121238708496
1.4506876468658447
1.4114494323730469
1.268324851989746
1.2602672576904297
5.975598573684692
1.4047939777374268
1.289513111114502
1.296142578125
1.2972996234893799
1.2836380004882812
1.3292584419250488
1.2591094970703125
1.258014440536499
1.3075544834136963
1.2641289234161377
1.2641808986663818
1.3479528427124023
1.2598881721496582
1.3352508544921875
1.2597029209136963
1.2739832401275635
1.4431679248809814
1.3189091682434082
1.3733530044555664
1.2616279125213623
1.2995104789733887
1.2776832580566406
1.3433890342712402
1.4987971782684326
1.3568952083587646
1.2615623474121094
1.2678782939910889
1.328848123550415
1.3615086078643799
1.31199049949646
2.6791625022888184
1.2519967555999756
1.3167757987976074
1.3547630310058594
1.2687690258026123
1.2555527687072754
1.404205322265625
1.2567434310913086
1.338613748550415
1.507434368133545
1.2438623905181885
1.4125843048095703
1.366537094116211
1.2847473621368408
1.382169485092163
1.3956634998321533
1.2806344032287598
1.4893279075622559
1.2808623313903809
1.359297513961792
1.2963292598724365
1.4368510246276855
1.2547953128814697
1.5091972351074219
1.241624116897583
1.3725535869598389
1.2410600185394287
1.4001433849334717
1.403031349182129
1.2545456886291504
1.3851065635681152
1.2628257274627686
1.2598752975463867
1.2667484283447266
2.426837921142578
1.318235158920288
1.3353219032287598
1.3612534999847412
1.2588400840759277
1.3577942848205566
2.4512057304382324
1.285834550857544
1.2698314189910889
1.2598345279693604
1.265434980392456
1.2526533603668213
1.2538185119628906
1.3584749698638916
1.251051664352417
1.3274495601654053
1.269540786743164
1.3198299407958984
1.3529150485992432
1.3545832633972168
1.3919696807861328
1.3787648677825928
1.4831209182739258
1.265174150466919
1.2955780029296875
1.723109245300293
1.417736291885376
1.266587495803833
1.2709877490997314
1.2871904373168945
1.2562294006347656
1.2747008800506592
1.4027442932128906
1.382498025894165
1.27675461769104
1.5245018005371094
1.2644741535186768
1.3460564613342285
1.2494127750396729
1.4020214080810547
1.4866244792938232
1.3050270080566406
1.2858142852783203
1.27213716506958
1.3704438209533691
1.3715198040008545
1.3083922863006592
1.265679121017456
1.2677128314971924
1.2789976596832275
1.3148252964019775
1.3204398155212402
1.3172216415405273
1.561957836151123
1.542328119277954
1.4278440475463867
4.780994653701782
6.234023809432983
5.007431983947754
1.4098396301269531
1.3229179382324219
1.2951161861419678
1.3886027336120605
1.2859694957733154
1.3408753871917725
1.317697525024414
1.2468008995056152
6.121852874755859
1.2816612720489502
1.3365590572357178
1.664417028427124
1.5558629035949707
1.3370227813720703
5.797288417816162
1.3240437507629395
1.2852156162261963
1.272179365158081
1.255112886428833
1.2560453414916992
1.266444206237793
1.2673168182373047
1.2707972526550293
1.545741081237793
1.3402233123779297
1.260054588317871
