29.39
13.57
14.27
16.52
14.37
16.56
13.74
13.52
13.92
17.12
13.88
14.83
17.53
13.13
15.77
16.63
13.95
15.86
13.81
13.59
35.41
14.09
16.19
14.32
16.69
16.94
14.00
13.56
13.70
14.92
13.78
15.15
15.29
14.70
16.52
16.54
14.05
14.04
17.82
17.91
19.55
17.69
16.10
15.91
16.92
17.17
18.43
13.69
18.19
13.78
13.39
14.15
15.77
17.00
18.15
17.17
14.12
16.96
13.52
18.68
18.46
18.76
13.68
19.05
17.93
18.89
18.02
18.01
19.16
14.30
17.28
19.27
14.86
14.65
20.45
13.71
16.75
19.13
17.47
17.86
19.22
28.34
13.83
13.72
18.50
13.57
13.58
13.46
13.46
13.70
15.78
13.90
13.57
13.63
13.64
14.12
13.66
13.73
13.67
14.04
14.17
13.70
14.19
13.53
13.52
13.79
13.53
13.46
14.09
14.37
13.75
13.49
13.66
13.52
13.59
14.83
13.57
13.49
13.92
13.52
14.24
13.57
13.39
13.79
13.72
13.44
13.64
19.27
13.55
13.65
13.47
13.68
13.81
14.95
17.87
13.61
13.54
13.46
13.63
13.67
13.56
18.46
13.58
13.66
13.42
13.55
13.79
17.82
17.20
14.32
13.41
19.19
13.54
17.36
17.00
14.21
13.50
13.52
13.64
13.77
13.89
16.98
13.67
14.02
13.52
13.75
13.64
13.59
13.54
13.51
13.53
13.73
13.82
13.76
13.66
13.55
13.54
13.52
13.47
14.00
18.69
13.60
13.55
13.56
13.56
21.01
14.04
20.39
13.47
13.63
13.69
13.60
13.64
13.90
13.87
13.59
13.48
13.61
13.52
19.38
