13
17
14
13
10
14
12
23
14
5
12
8
15
10
11
4
17
7
11
14
11
6
18
14
12
10
15
10
10
16
12
10
3
11
5
7
8
13
11
12
8
13
13
8
16
7
10
9
13
14
15
14
15
13
19
17
15
13
11
24
13
9
11
7
15
15
21
15
9
24
14
13
15
14
9
5
6
22
15
13
11
13
16
9
6
13
8
16
11
11
13
9
11
5
16
11
12
14
10
8
11
9
9
6
13
12
11
8
11
3
7
13
11
14
3
17
11
14
10
11
8
4
12
12
11
2
14
6
10
12
14
14
12
14
11
10
11
17
14
11
8
8
13
15
1
9
13
12
11
17
9
0
15
9
11
20
13
14
10
10
12
5
11
11
11
11
15
14
15
8
11
6
15
4
12
6
14
14
3
13
7
1
9
16
8
12
10
10
9
3
13
14
17
16
14
14
22
11
16
10
15
13
7
14
17
17
12
15
13
4
15
11
12
4
15
17
16
6
14
5
6
9
11
15
10
15
8
2
12
8
5
16
8
17
19
8
4
12
10
11
14
14
13
12
13
11
15
9
13
9
14
8
13
11
10
8
13
15
10
0
9
13
17
9
17
14
11
4
7
10
10
3
17
18
11
3
12
14
15
15
12
9
17
15
9
11
14
13
15
18
10
18
7
9
5
13
10
16
9
15
