14
19
16
0
15
15
16
24
15
0
15
10
16
13
0
5
20
0
12
15
12
9
20
16
15
1
0
8
11
19
14
6
5
13
0
8
9
17
10
13
10
0
14
0
17
7
11
12
19
11
8
19
16
0
0
18
13
15
11
0
12
10
12
7
16
17
0
16
13
0
0
13
17
6
11
0
0
0
16
14
0
22
0
7
0
14
20
17
0
0
13
14
12
7
17
12
14
15
11
9
0
0
6
2
0
13
0
8
9
4
0
0
11
0
3
0
11
0
7
14
0
4
0
12
11
5
0
0
0
13
0
15
0
14
12
11
0
18
14
9
0
0
0
0
0
9
13
10
0
7
0
2
9
9
11
21
0
0
0
11
0
6
11
11
0
0
0
0
6
8
12
7
16
5
13
7
0
0
4
0
8
2
10
0
9
1
0
10
0
4
0
16
0
0
0
0
11
0
0
10
17
14
8
18
0
17
0
15
14
5
0
12
13
5
16
0
17
9
17
0
7
0
13
21
0
20
9
3
13
11
8
0
6
17
0
5
4
13
11
13
14
10
13
14
16
10
16
0
14
10
15
9
12
12
0
9
13
18
11
1
10
13
19
10
19
14
14
0
10
12
11
3
19
18
0
5
13
8
17
0
12
11
22
19
0
13
15
0
16
19
10
0
0
8
7
13
2
17
13
17
