8.31
9.79
8.15
6.88
9.95
8.01
10.03
7.83
7.79
7.79
9.94
9.64
7.89
9.87
10.00
9.27
9.97
7.78
8.28
9.75
7.79
9.79
9.91
9.72
8.10
7.00
7.19
7.14
10.00
9.63
9.93
9.83
9.97
9.60
7.42
7.54
8.22
9.76
7.27
9.72
9.57
9.69
7.72
9.85
9.93
7.18
8.03
9.82
9.88
7.42
8.58
4.99
9.99
9.93
5.24
6.16
9.77
7.73
9.77
9.59
4.96
5.17
5.83
5.35
6.25
5.18
9.83
5.08
9.30
6.43
9.89
10.23
4.90
6.03
9.81
10.38
10.74
5.28
4.78
6.02
9.91
9.75
9.97
7.55
6.39
5.96
6.11
9.66
6.23
9.65
5.08
9.89
8.46
4.97
5.41
9.70
6.29
9.73
10.06
4.85
10.12
9.66
9.83
9.60
10.09
7.13
10.09
7.23
7.99
9.20
9.99
7.81
7.92
9.34
10.01
9.71
7.72
9.81
10.14
7.17
9.97
7.24
4.10
7.22
7.35
9.98
7.78
7.99
8.02
9.53
9.88
9.68
7.36
7.61
9.65
7.82
9.48
7.86
7.55
7.95
7.32
7.41
7.27
10.12
9.88
7.43
9.54
7.66
7.80
8.15
