8.94
8.57
8.77
8.69
8.52
8.54
8.57
8.78
8.51
8.32
8.24
8.40
8.38
8.44
8.73
8.10
8.41
8.81
8.57
8.59
8.54
8.60
8.56
8.64
8.43
8.34
8.55
8.50
8.57
8.18
8.53
8.48
8.56
8.51
8.60
8.60
8.58
8.53
8.50
8.45
8.55
8.55
8.91
8.54
8.56
8.52
8.64
8.64
8.60
8.30
8.51
8.53
8.55
8.25
8.57
8.58
8.73
8.53
8.63
8.58
8.49
8.40
8.45
8.65
8.50
8.42
8.38
8.37
8.51
8.38
8.50
8.55
8.05
8.47
8.49
8.57
8.35
8.58
8.52
8.44
8.44
8.50
8.63
8.58
8.60
8.47
8.50
8.52
8.60
8.43
8.43
8.70
8.50
8.57
8.46
8.46
8.55
8.55
8.69
8.46
1.93
0.02
0.03
3.54
0.53
0.00
0.03
4.80
5.02
4.71
4.79
5.00
4.61
4.79
5.18
4.64
4.78
4.94
4.87
4.83
5.05
4.66
4.74
4.97
4.80
4.63
5.02
5.11
4.62
5.02
4.80
4.62
1.75
0.02
4.94
4.94
4.70
4.68
5.02
4.78
4.81
4.98
4.78
4.76
5.11
4.78
4.70
4.97
4.80
4.71
4.92
4.73
4.82
5.00
4.78
4.77
4.97
4.86
4.77
5.00
4.69
4.80
4.88
4.57
4.70
4.89
4.84
4.68
5.07
4.69
4.75
4.99
4.78
4.86
5.20
4.75
4.78
5.06
4.66
4.77
5.06
4.74
4.84
4.80
4.64
4.81
4.99
4.66
4.73
4.92
4.77
4.76
5.02
4.70
4.88
4.97
4.65
4.76
5.03
4.75
4.83
5.00
4.71
4.63
5.12
4.79
4.57
4.91
4.84
4.68
4.98
4.71
4.71
5.20
5.04
4.80
4.99
3.36
4.82
3.54
4.79
4.80
3.61
4.92
4.82
5.17
4.68
3.29
4.94
4.90
3.40
4.87
4.66
4.78
