0
0
0
0
0
0
0
11
15
0
0
0
0
1
0
0
0
0
0
0
1
0
0
0
0
0
0
0
0
0
0
0
0
0
0
0
0
0
6
0
0
1
0
0
0
13
0
0
15
0
0
0
1
14
0
0
1
0
0
0
0
0
0
0
0
0
0
0
0
0
0
0
0
0
0
0
0
0
0
0
0
0
0
7
0
0
0
0
0
0
0
0
17
0
0
0
9
0
2
0
27
0
17
0
0
0
0
0
23
0
0
25
0
0
5
0
19
0
13
0
18
16
0
24
0
0
3
30
0
0
0
17
8
0
5
18
0
9
0
0
29
27
9
0
0
0
0
18
1
0
15
0
0
0
7
7
15
0
0
0
0
0
0
27
0
0
0
24
0
21
17
0
14
0
0
27
0
0
18
0
10
0
0
0
1
19
17
21
6
14
0
22
0
0
0
0
0
0
21
0
0
0
15
16
30
0
0
0
0
17
16
25
14
23
0
0
10
0
0
0
0
0
17
0
10
5
18
0
0
0
6
23
0
0
9
21
26
0
0
0
0
20
20
0
0
0
2
16
17
12
12
0
0
24
19
0
0
22
24
0
0
0
27
0
0
0
17
21
0
22
21
0
0
0
13
0
15
0
17
0
0
0
0
0
0
0
0
17
0
0
12
0
0
0
0
0
10
0
0
6
