21
11
8
22
15
23
20
11
17
19
12
14
18
25
3
17
27
17
23
21
18
3
21
16
24
15
17
14
19
9
25
13
12
12
8
21
7
17
9
20
18
21
19
18
13
14
15
15
21
19
22
14
15
17
13
15
13
20
26
8
20
15
18
23
9
22
26
13
12
13
11
19
14
14
23
19
16
17
16
22
17
13
19
9
14
18
17
15
18
10
19
17
19
14
19
21
14
10
21
11
26
13
16
19
11
27
15
16
22
18
13
24
17
10
11
16
17
11
21
5
16
20
20
21
27
11
11
29
10
20
14
17
13
25
10
18
19
11
27
13
28
26
16
22
11
19
16
17
11
19
14
19
18
21
18
11
13
19
7
19
27
12
0
25
20
24
22
23
23
20
15
13
17
29
19
25
15
8
17
11
14
14
11
12
24
18
15
20
10
14
14
21
27
25
10
19
14
20
21
6
13
14
15
16
29
18
18
22
23
17
16
25
13
23
6
18
10
6
14
8
19
20
16
18
11
14
18
12
19
16
5
18
16
5
9
20
23
19
17
22
21
19
19
17
25
22
14
15
16
10
23
24
13
23
19
23
18
26
20
11
5
21
26
8
13
26
16
20
16
19
21
15
21
16
13
13
15
8
26
16
21
7
17
14
23
20
22
16
27
17
19
20
24
7
11
22
11
10
30
16
