26.08
26.04
25.30
22.82
26.52
26.11
25.68
8.02
26.00
25.79
25.97
25.87
26.09
26.04
25.98
22.56
26.41
25.72
25.82
26.53
26.12
26.25
26.70
25.58
26.43
27.42
24.16
23.69
23.21
22.88
26.32
25.90
25.98
26.31
25.72
25.78
25.85
22.79
23.57
28.48
26.79
26.76
26.56
26.57
29.31
22.30
22.56
25.83
22.90
22.83
25.98
25.35
25.57
25.58
25.08
25.59
25.63
25.61
25.69
25.43
25.47
25.82
25.81
25.91
26.65
26.31
27.22
25.92
25.41
25.55
19.69
25.36
25.78
19.05
25.43
25.73
25.56
25.94
25.38
25.91
25.95
25.90
25.51
25.37
25.34
25.93
25.87
25.59
25.56
25.77
25.74
25.80
25.33
26.44
25.66
25.71
25.78
25.91
25.60
19.63
27.18
25.76
26.46
26.07
26.06
25.74
25.71
25.66
25.64
25.61
25.78
26.11
25.98
25.73
25.63
25.81
25.73
26.47
25.96
26.87
26.81
25.79
25.86
25.60
25.75
25.79
25.88
26.04
25.60
25.69
25.83
19.95
25.88
24.41
25.73
26.16
25.84
25.64
25.90
25.91
25.58
25.58
19.74
25.46
25.70
25.52
26.07
25.78
19.88
25.92
