13.20
13.71
11.92
12.78
13.42
12.39
14.34
12.28
12.83
13.11
13.06
13.38
14.24
12.92
13.65
13.42
12.55
13.40
13.05
12.45
12.91
14.16
13.58
12.98
13.51
13.13
13.21
13.17
12.90
13.76
12.41
12.69
12.81
13.55
13.47
13.18
14.37
12.95
13.10
13.53
13.65
13.13
13.83
13.55
12.89
13.30
13.00
14.04
13.24
11.95
12.75
12.95
13.46
12.93
13.75
14.06
13.34
12.96
13.19
13.02
12.23
13.51
12.44
13.13
13.00
12.09
12.70
12.46
13.89
12.93
12.33
12.21
12.09
12.69
13.67
14.11
13.33
14.37
13.23
12.70
12.86
13.74
13.51
12.71
11.85
12.19
13.32
13.84
14.12
12.45
13.50
13.92
13.33
14.29
13.58
13.75
14.11
14.39
13.60
12.62
13.58
12.77
12.85
13.61
13.10
13.38
12.63
12.32
13.27
12.23
12.47
13.76
13.38
14.02
13.21
14.21
13.72
12.61
13.41
13.63
13.35
13.01
14.03
13.29
12.34
13.42
13.65
12.96
13.18
13.59
13.77
13.82
13.32
14.58
14.38
13.73
13.88
12.99
13.77
13.84
12.82
13.29
14.18
12.93
13.99
13.50
13.76
13.86
13.56
14.01
13.96
13.72
13.82
13.77
13.16
13.79
15.23
13.73
13.48
13.30
13.36
13.15
14.24
14.05
14.11
16.44
15.71
18.46
17.88
16.66
12.91
13.16
13.57
13.73
12.87
13.05
13.59
12.96
13.94
13.00
12.84
13.01
13.90
12.86
12.82
13.25
13.40
13.00
12.76
12.71
13.27
12.90
13.15
12.50
13.45
12.22
13.25
13.13
13.02
13.88
13.69
14.45
12.94
13.46
14.65
15.20
14.03
12.58
12.78
13.23
13.44
12.67
13.35
12.76
13.57
13.14
13.89
12.87
12.33
13.44
13.04
12.81
13.61
12.56
12.98
13.27
13.75
13.38
13.92
12.75
14.13
12.63
13.62
12.25
12.79
13.30
12.79
13.07
13.77
13.40
13.17
13.05
14.29
12.84
12.85
12.62
12.94
13.10
12.51
13.60
13.67
14.33
13.28
13.73
13.32
13.01
13.10
12.93
12.55
13.39
13.08
12.79
13.02
12.59
12.61
13.49
13.44
13.92
14.72
13.04
13.05
12.48
14.19
13.36
14.40
13.03
14.45
14.44
12.03
12.98
13.11
14.19
12.42
13.15
13.27
13.01
13.10
13.07
12.35
12.11
13.11
12.55
12.84
12.94
12.49
13.50
13.75
12.98
13.27
14.02
