13
17
14
13
10
14
12
23
14
5
12
8
15
10
11
4
17
7
11
14
11
6
18
14
12
10
15
10
10
16
12
10
3
11
5
7
8
13
11
12
8
13
13
8
16
7
10
9
13
14
15
14
15
13
19
17
15
13
11
24
13
9
11
7
15
15
21
15
9
24
14
13
15
14
9
5
6
22
15
13
11
13
16
9
6
13
8
16
11
11
13
9
11
5
16
11
12
14
10
8
11
12
12
15
15
16
10
11
13
4
10
7
6
13
15
11
12
11
13
5
8
11
11
6
0
11
9
14
11
11
11
13
7
13
4
11
0
13
10
17
14
11
9
12
17
11
14
2
16
14
12
11
11
15
10
11
6
13
14
11
10
11
14
15
12
4
9
3
9
9
8
12
14
16
14
19
20
13
8
15
14
13
13
12
4
1
12
13
15
16
11
13
9
18
15
13
8
10
5
12
