35.21
27.23
27.17
27.37
27.60
30.33
32.93
27.12
27.22
28.15
32.00
30.72
33.73
27.51
27.64
26.36
29.39
27.57
26.82
29.85
27.24
27.19
27.00
26.98
28.50
33.47
32.17
27.41
27.05
27.16
27.39
27.09
27.87
27.61
27.54
27.36
28.25
29.94
27.27
30.44
31.46
27.47
29.91
31.06
27.52
27.51
32.98
27.45
27.44
28.59
27.29
27.53
29.60
27.88
27.23
27.03
32.94
27.25
27.32
27.08
30.26
27.23
27.49
27.90
26.92
27.78
27.95
27.64
27.32
31.94
27.39
27.82
27.23
27.26
27.21
29.40
27.29
26.91
30.20
27.73
27.24
29.39
26.87
27.25
29.27
27.17
27.59
28.97
27.39
27.28
29.35
27.58
27.45
29.97
27.17
27.26
31.35
28.91
27.07
28.19
27.18
27.15
28.01
27.63
27.43
27.77
27.21
27.14
36.69
35.77
32.80
35.05
26.92
27.71
28.54
28.77
27.09
26.91
30.03
27.85
27.29
32.81
28.63
32.22
30.44
33.75
31.30
37.07
27.42
27.01
27.91
27.19
26.27
31.54
27.74
27.26
28.62
27.97
27.87
27.00
27.30
27.54
28.55
28.43
26.99
28.67
27.63
26.68
27.89
31.27
35.07
26.81
27.06
32.39
27.76
27.33
29.17
27.43
27.80
28.02
30.61
33.29
27.13
27.58
29.43
27.29
27.84
28.97
27.68
27.11
29.05
27.28
27.67
27.50
27.16
27.37
28.68
27.56
27.19
28.57
27.46
27.21
29.09
26.95
27.26
28.48
27.57
27.49
28.78
27.45
27.57
27.71
27.37
27.16
27.59
27.13
28.05
29.10
26.31
27.41
