37.81
23.78
25.34
28.89
24.32
23.58
24.03
23.60
28.68
24.31
23.33
23.76
23.74
23.82
29.17
25.38
23.46
24.29
27.33
23.64
23.70
23.91
25.89
24.66
23.96
24.44
23.64
23.62
23.25
27.61
28.20
23.33
24.58
25.27
27.06
27.76
24.34
23.93
23.63
23.91
22.81
23.48
23.34
23.48
23.73
23.56
23.45
23.59
27.15
23.76
23.52
29.22
23.83
23.74
28.20
25.17
23.84
24.01
23.36
29.66
23.34
23.49
24.71
23.53
23.21
26.84
23.60
23.73
26.65
23.97
23.75
23.56
24.54
23.62
27.28
23.74
23.44
28.17
23.66
24.15
27.66
23.78
23.39
28.79
23.45
23.66
28.95
23.59
23.66
28.55
23.71
24.08
28.03
22.77
23.81
29.00
24.25
24.32
24.17
24.00
23.58
29.33
24.24
23.93
29.82
23.47
23.69
28.35
23.55
23.90
23.83
23.59
23.27
27.13
27.57
23.39
23.59
28.52
24.58
22.97
23.57
24.03
23.66
27.60
23.87
25.44
23.85
26.65
23.61
27.17
23.98
23.86
27.26
23.62
23.73
28.64
23.38
23.72
24.34
23.46
23.52
28.68
23.73
23.90
24.69
23.82
23.59
24.47
24.06
23.86
24.23
23.52
28.10
23.90
23.70
27.81
24.05
23.76
28.44
24.01
23.80
23.74
23.55
29.76
23.73
23.52
29.66
22.61
23.58
28.93
23.33
23.93
29.70
23.65
23.67
29.36
23.75
23.55
28.47
24.14
23.67
29.22
23.69
23.53
29.76
23.87
23.48
28.68
24.02
23.71
28.61
24.07
23.37
29.97
23.79
23.55
29.40
23.51
22.55
32.02
