25.08253240585327
19.39843726158142
19.667723178863525
19.894789695739746
20.236141443252563
19.58669948577881
20.05426287651062
19.595619916915894
24.548764944076538
20.316338539123535
19.28474450111389
19.684324026107788
19.56325125694275
19.75650429725647
19.705670833587646
20.655839681625366
19.425707817077637
20.09759783744812
19.318121671676636
19.66729426383972
19.671879768371582
19.64616107940674
19.612801790237427
20.27374291419983
19.830883741378784
19.801658153533936
19.560675382614136
19.60797643661499
19.29322338104248
23.62445616722107
19.74625277519226
19.34936261177063
20.294378995895386
20.472861528396606
19.73658275604248
19.739733934402466
20.260632276535034
19.36521577835083
19.32459259033203
19.646170139312744
18.5969295501709
19.330676555633545
19.248544931411743
19.366843461990356
19.702529430389404
19.437912464141846
19.47068500518799
19.474573612213135
23.024747133255005
19.533050060272217
19.525922298431396
19.75320553779602
19.65281581878662
19.582884311676025
24.064337491989136
19.390477418899536
19.583280086517334
19.769193172454834
19.345762252807617
19.486363172531128
19.257728338241577
19.469484567642212
20.374232292175293
19.540403366088867
19.254223823547363
20.11720848083496
19.35910391807556
19.752209663391113
22.520283699035645
19.75070095062256
19.66881275177002
19.54965376853943
20.51288652420044
19.529029846191406
23.105810403823853
19.682774782180786
19.385626792907715
19.325554132461548
19.66055917739868
20.10836958885193
23.197811126708984
19.70454716682434
19.318779468536377
19.58328080177307
19.424370050430298
19.616593599319458
24.26145577430725
19.3991641998291
19.653347492218018
23.80116605758667
19.590161085128784
19.986255168914795
23.35505175590515
18.555744886398315
19.61835289001465
24.026126623153687
20.047074794769287
20.258917808532715
20.050137519836426
19.94506597518921
19.605727672576904
19.524084091186523
20.3158118724823
19.737807273864746
24.998313426971436
19.44567584991455
19.65956401824951
19.46801781654358
19.47575879096985
19.646183252334595
19.36762261390686
19.46523928642273
19.304431915283203
19.58195686340332
23.509602546691895
19.360565662384033
19.434976816177368
19.246668338775635
20.331904411315918
18.499213933944702
19.48069953918457
19.99247717857361
19.328139543533325
20.039642095565796
18.59776210784912
20.285329818725586
19.387015104293823
19.616984605789185
19.574506998062134
23.161430835723877
19.789363861083984
19.53471088409424
18.66651678085327
19.56367540359497
19.517093420028687
21.673398971557617
18.57753872871399
19.71234917640686
20.154206037521362
19.397827863693237
19.46167254447937
19.830888032913208
19.58336639404297
19.673032999038696
20.496674060821533
19.6436927318573
19.446178436279297
20.308475971221924
20.065837144851685
19.702274322509766
20.012818336486816
19.337480068206787
23.166853666305542
19.710233688354492
19.68273091316223
23.600539922714233
19.621910095214844
19.28155755996704
23.568936109542847
19.84299921989441
19.454153299331665
19.434592485427856
19.4344265460968
19.475284337997437
19.664881229400635
19.505789041519165
25.732062578201294
18.63861918449402
19.54444646835327
24.841489553451538
19.244996070861816
19.663345336914062
24.926301956176758
19.503265857696533
19.55108618736267
24.17314338684082
19.51630139350891
19.42008328437805
23.98320460319519
19.558647632598877
19.569046020507812
25.113061904907227
19.66780185699463
19.37623953819275
25.652973890304565
19.30398988723755
19.478161573410034
24.109814882278442
19.585415363311768
19.60667657852173
24.256187915802002
19.70637035369873
19.361941814422607
19.82672619819641
19.414480447769165
19.553641080856323
19.533162355422974
19.294097900390625
18.55137848854065
19.500286102294922
