3.8035402297973633
1.7453346252441406
1.6507790088653564
1.613213062286377
1.6347064971923828
1.6175272464752197
1.7739589214324951
1.623504400253296
1.6229538917541504
1.8434414863586426
1.627953052520752
1.620664119720459
1.608304500579834
1.6453046798706055
1.7354485988616943
1.6204047203063965
1.7075109481811523
1.62841796875
1.6320254802703857
1.7607691287994385
1.6151480674743652
1.699463129043579
1.6535160541534424
1.6154534816741943
1.6803390979766846
7.4914772510528564
1.7703216075897217
1.768979787826538
1.6871211528778076
2.045489549636841
1.5998070240020752
1.6165242195129395
1.6272475719451904
1.6859753131866455
1.7379682064056396
1.5998213291168213
1.6949846744537354
1.630568027496338
1.673262357711792
1.637624979019165
1.7056400775909424
1.771270990371704
1.6626100540161133
1.7274761199951172
1.7299201488494873
1.8734290599822998
1.6224830150604248
1.837287425994873
1.9434986114501953
1.6812102794647217
1.6124942302703857
1.7764558792114258
1.6370747089385986
1.8018949031829834
1.7987191677093506
1.6920433044433594
7.043919801712036
1.7477669715881348
1.7851669788360596
1.6612951755523682
1.6882286071777344
1.6684644222259521
1.7636439800262451
1.7480854988098145
1.6171338558197021
1.6156721115112305
1.8004677295684814
1.6387441158294678
1.8742969036102295
1.7196111679077148
1.6353373527526855
1.8499836921691895
1.6693274974822998
1.9781603813171387
1.7480432987213135
1.608504056930542
1.6406214237213135
1.6815004348754883
1.6813559532165527
1.629777193069458
1.7128005027770996
1.7815616130828857
1.6115174293518066
1.7835721969604492
1.7037346363067627
1.630436897277832
1.8022212982177734
1.8358464241027832
1.6430447101593018
1.6300742626190186
1.6685307025909424
1.664839744567871
1.7165884971618652
1.9577927589416504
1.7433257102966309
1.770080804824829
1.8325388431549072
2.3771939277648926
1.7019703388214111
1.683318853378296
1.6228742599487305
1.6261539459228516
1.7056117057800293
2.00978946685791
1.7535922527313232
1.6214537620544434
1.6950514316558838
1.7771506309509277
1.6975789070129395
2.6165828704833984
1.6353414058685303
1.6167023181915283
1.6914381980895996
1.639631748199463
2.660278797149658
1.6424992084503174
1.7577645778656006
1.808929204940796
1.9609558582305908
1.7296855449676514
1.6099357604980469
1.614417314529419
1.6651649475097656
1.6536602973937988
2.0444564819335938
1.8979604244232178
2.100499153137207
1.757789134979248
1.7440929412841797
1.7124783992767334
1.782639741897583
1.8262498378753662
1.6636121273040771
1.7570061683654785
1.933509111404419
1.6901164054870605
1.670675277709961
1.613379716873169
1.6305999755859375
1.6086924076080322
1.6302530765533447
1.6749231815338135
1.6939053535461426
1.6966111660003662
1.6708686351776123
1.6789450645446777
1.855217456817627
1.6161706447601318
1.810215711593628
5.774543285369873
1.7356598377227783
1.616821050643921
1.610405683517456
1.620851755142212
1.7027347087860107
1.6175401210784912
1.8423454761505127
1.7830169200897217
1.6240828037261963
1.6178622245788574
2.478454113006592
1.6417334079742432
1.725189447402954
1.7693710327148438
1.9068119525909424
1.6337432861328125
1.855011224746704
1.7503516674041748
1.7531111240386963
1.7142918109893799
1.79075026512146
1.6332597732543945
1.859421730041504
1.748762607574463
1.6614508628845215
1.6094019412994385
1.6536962985992432
1.6324379444122314
1.633451223373413
1.7584202289581299
1.6257457733154297
1.9467980861663818
1.8401596546173096
1.620227336883545
1.6520297527313232
1.6170690059661865
1.7578141689300537
1.7081553936004639
1.750105619430542
1.660071611404419
1.7710466384887695
1.6504180431365967
1.966365098953247
1.6252782344818115
1.6678645610809326
1.6460511684417725
1.6401722431182861
1.7964143753051758
1.718015432357788
1.8427550792694092
