0.6758544445037842
0.5620167255401611
0.5550594329833984
0.5703809261322021
0.5855815410614014
0.5835399627685547
0.5614960193634033
0.5852870941162109
0.5398101806640625
0.5430400371551514
0.5742406845092773
0.5803477764129639
0.5933372974395752
0.5806715488433838
0.5872604846954346
0.6230158805847168
0.5687181949615479
0.5649442672729492
0.608586311340332
0.578815221786499
0.5794906616210938
0.5711026191711426
0.5245516300201416
0.5337531566619873
0.5859858989715576
0.6036803722381592
0.5515549182891846
0.5615053176879883
0.5992658138275146
0.5584297180175781
0.5815834999084473
0.5787737369537354
0.5883030891418457
0.5607659816741943
0.5897111892700195
0.5816140174865723
0.5781850814819336
0.6225671768188477
0.6470131874084473
0.57389235496521
0.5990846157073975
0.5503594875335693
0.6020252704620361
0.5712552070617676
0.5768139362335205
0.6132059097290039
0.5868902206420898
0.5725448131561279
0.5728602409362793
0.5690901279449463
0.5779438018798828
0.6462624073028564
0.5313243865966797
0.5934133529663086
0.5671608448028564
0.5605669021606445
0.5568556785583496
0.6075458526611328
0.5644745826721191
0.5693948268890381
0.576956033706665
0.6138334274291992
0.5800631046295166
0.603752613067627
0.5844206809997559
0.5822243690490723
0.5307066440582275
0.576547384262085
0.5772795677185059
0.5841207504272461
0.5865578651428223
0.5995883941650391
0.6270279884338379
0.565640926361084
0.5622696876525879
0.551006555557251
0.5689437389373779
0.533226728439331
0.5880796909332275
0.5831804275512695
0.5626795291900635
0.5830187797546387
0.5583922863006592
0.5449354648590088
0.5696704387664795
0.5700252056121826
0.6178457736968994
0.5634381771087646
0.6135807037353516
0.5287556648254395
0.5420997142791748
0.5503873825073242
0.6020705699920654
0.5404958724975586
0.5710511207580566
0.5858814716339111
0.58306884765625
0.5571956634521484
0.6212499141693115
0.5575695037841797
0.6103010177612305
0.5818603038787842
0.5655837059020996
0.5419530868530273
0.5802700519561768
0.5718364715576172
0.5703897476196289
0.5665252208709717
0.5848758220672607
0.5364885330200195
0.5311243534088135
0.5845236778259277
0.5698528289794922
0.5799894332885742
0.5795364379882812
0.5931453704833984
0.5800421237945557
0.528709888458252
0.5866591930389404
0.5960986614227295
0.5825107097625732
0.5604183673858643
0.5926578044891357
0.5630486011505127
0.5523087978363037
0.5577876567840576
0.5890486240386963
0.5597338676452637
0.5322132110595703
0.5790543556213379
0.5665092468261719
0.5368764400482178
0.5436491966247559
0.5593197345733643
0.5784134864807129
0.5281658172607422
0.5406160354614258
0.5732014179229736
0.5679092407226562
0.5675890445709229
0.5490858554840088
0.5749804973602295
0.5696487426757812
0.5955386161804199
0.5393204689025879
0.5736386775970459
0.5771317481994629
0.5473411083221436
0.5913383960723877
0.6134285926818848
0.5864629745483398
0.5671510696411133
0.5752058029174805
0.5521049499511719
0.5692946910858154
0.5961482524871826
0.5656659603118896
0.5682456493377686
0.5609195232391357
0.6076350212097168
0.5891149044036865
0.5859334468841553
0.5665116310119629
0.5872886180877686
0.5502991676330566
0.5669534206390381
0.5494735240936279
0.5793673992156982
0.5383365154266357
0.5380988121032715
0.5789589881896973
0.5450518131256104
0.5738468170166016
0.638059139251709
0.5832369327545166
0.5830426216125488
0.5796616077423096
0.6340925693511963
0.5753743648529053
0.6152079105377197
0.5944373607635498
0.6172647476196289
0.5703752040863037
0.5401613712310791
0.6058127880096436
0.5808286666870117
0.543616771697998
0.5860128402709961
0.5694129467010498
0.5642476081848145
0.5872254371643066
0.5766267776489258
0.5714266300201416
0.5534648895263672
0.5717787742614746
0.5728790760040283
0.57350754737854
0.5755369663238525
0.5800588130950928
0.5740091800689697
0.5922865867614746
0.5584437847137451
0.5600039958953857
0.5595986843109131
0.5475680828094482
0.5491189956665039
0.5627713203430176
0.5507333278656006
0.5503411293029785
0.5633804798126221
0.570624589920044
0.5589630603790283
0.5585088729858398
0.5592403411865234
0.5482101440429688
0.5500459671020508
0.6191718578338623
0.6088395118713379
0.5632812976837158
0.551098108291626
0.5458388328552246
0.5464189052581787
0.5701870918273926
0.5419366359710693
0.5721006393432617
0.5599417686462402
0.5734879970550537
0.5637099742889404
0.5637691020965576
0.6212117671966553
0.5560710430145264
0.5505037307739258
0.5606188774108887
0.5591015815734863
0.5789804458618164
0.5607147216796875
0.6066789627075195
0.5536270141601562
0.5491194725036621
0.5646979808807373
0.5870246887207031
0.5624661445617676
0.5456480979919434
0.5529820919036865
0.5717160701751709
0.6006138324737549
0.5541746616363525
0.6122627258300781
0.5600934028625488
0.5613179206848145
0.5604934692382812
0.5617210865020752
0.5643975734710693
0.5592167377471924
0.5613207817077637
0.5736618041992188
0.5473427772521973
0.5508885383605957
0.5624690055847168
0.6030380725860596
0.5438170433044434
0.5663232803344727
0.562469482421875
0.5548524856567383
0.6088812351226807
0.5444068908691406
0.5575523376464844
0.5624597072601318
0.5613498687744141
0.588036298751831
0.5486116409301758
0.5956668853759766
0.5739040374755859
0.550567626953125
0.5500638484954834
0.5557529926300049
0.5489635467529297
0.567558765411377
0.5633835792541504
0.5409166812896729
0.5734786987304688
0.6145772933959961
0.5573608875274658
0.5522284507751465
0.550377607345581
0.5623950958251953
0.5571749210357666
0.5753467082977295
0.6159594058990479
0.5617399215698242
0.5633804798126221
0.5541348457336426
0.5459330081939697
0.53690505027771
0.5674288272857666
0.5747005939483643
0.5512218475341797
0.5535104274749756
0.545250415802002
0.5485572814941406
0.558243989944458
0.566706657409668
0.5983180999755859
0.5687124729156494
0.54720139503479
0.5821449756622314
0.5509111881256104
0.5729711055755615
0.5518956184387207
0.5522792339324951
0.5582637786865234
0.55106520652771
0.5543041229248047
0.555286169052124
0.5528204441070557
0.554938554763794
0.5564577579498291
0.5570247173309326
0.5523247718811035
0.5603756904602051
0.547609806060791
0.5435259342193604
0.6060287952423096
0.5714645385742188
0.5563418865203857
0.5524537563323975
0.5516664981842041
0.5477631092071533
0.5549347400665283
0.5573794841766357
0.5824651718139648
0.5512356758117676
0.6077737808227539
0.5766360759735107
0.5564291477203369
0.537360429763794
0.5529816150665283
0.5708632469177246
0.55116868019104
0.5673727989196777
0.5507421493530273
0.556480884552002
0.5473301410675049
0.5667474269866943
0.5602169036865234
0.5467245578765869
0.5528326034545898
0.5539014339447021
0.5540866851806641
0.5444250106811523
0.5892961025238037
0.5565738677978516
0.55379319190979
0.6066100597381592
0.5683972835540771
0.5450417995452881
0.5404479503631592
0.5626466274261475
0.5894744396209717
0.5567200183868408
0.553013801574707
0.5545639991760254
0.5582337379455566
10.308452129364014
0.5828955173492432
0.5482144355773926
0.5926656723022461
0.561861515045166
0.5647773742675781
0.5910720825195312
0.5696802139282227
0.5588657855987549
0.5719497203826904
0.559553861618042
0.5611855983734131
0.5969059467315674
0.5479621887207031
0.5669374465942383
0.5655932426452637
0.5656776428222656
0.552959680557251
0.5842311382293701
0.561769962310791
0.5399198532104492
0.5478928089141846
0.5453441143035889
0.6334712505340576
0.5568575859069824
0.5526349544525146
0.5457265377044678
0.5524063110351562
0.6167263984680176
0.561518669128418
0.5509462356567383
0.5692827701568604
0.5479714870452881
0.5504841804504395
0.5550065040588379
0.5575354099273682
0.5580265522003174
0.6992087364196777
0.662865161895752
0.662581205368042
0.6496071815490723
0.6569945812225342
0.6441702842712402
0.6784710884094238
0.7098896503448486
0.673210620880127
0.6403603553771973
0.6808638572692871
0.6556203365325928
0.679257869720459
0.6766045093536377
0.6748433113098145
0.6801810264587402
0.6495232582092285
0.6627907752990723
0.6597733497619629
0.6534833908081055
0.6746690273284912
0.6860039234161377
0.7009880542755127
0.6690261363983154
0.6713323593139648
0.6749207973480225
0.6741151809692383
0.6749944686889648
0.6922178268432617
0.6592464447021484
0.6795878410339355
0.6833360195159912
0.6889393329620361
0.6741766929626465
0.6521351337432861
0.6481063365936279
0.6715400218963623
0.6441881656646729
0.7000195980072021
0.6774003505706787
0.65305495262146
0.6728532314300537
0.6893918514251709
0.6817586421966553
0.6729164123535156
0.6706898212432861
0.6526813507080078
0.6646256446838379
0.6742672920227051
0.6883578300476074
0.6718618869781494
0.6674554347991943
0.6495170593261719
0.6532251834869385
0.6844103336334229
0.6504487991333008
0.6937272548675537
0.6868319511413574
0.6705498695373535
0.6526138782501221
0.6764733791351318
0.6741344928741455
0.6770384311676025
0.6724753379821777
0.6591951847076416
0.6796467304229736
0.6721155643463135
0.6964864730834961
0.6728768348693848
0.6868343353271484
0.6512463092803955
0.6673247814178467
0.6710894107818604
0.6736078262329102
0.6755642890930176
0.67757248878479
0.6853892803192139
0.6487114429473877
0.6719584465026855
0.6462063789367676
0.6458883285522461
0.6898088455200195
0.6495516300201416
0.6712789535522461
0.6445391178131104
0.6881964206695557
0.6450865268707275
0.6515920162200928
0.7033867835998535
0.677954912185669
0.6541898250579834
0.6720547676086426
0.6851840019226074
0.6408398151397705
0.6861679553985596
0.6789388656616211
0.6746954917907715
0.6795358657836914
0.6799666881561279
0.6628334522247314
0.6858615875244141
0.6537096500396729
0.68528151512146
0.6782491207122803
0.6811203956604004
0.6662371158599854
0.6884708404541016
0.6845133304595947
0.67726731300354
0.6861231327056885
0.6485824584960938
0.6707198619842529
0.6704883575439453
0.6882538795471191
0.6710994243621826
0.7023348808288574
0.6993849277496338
0.6630504131317139
0.6767709255218506
0.6948018074035645
0.6741230487823486
0.6990535259246826
0.6701445579528809
0.6923191547393799
0.6568789482116699
0.6479053497314453
0.682917594909668
0.6488878726959229
0.6742970943450928
0.6479485034942627
0.6784090995788574
0.6705672740936279
0.6923646926879883
0.6750364303588867
0.6566934585571289
0.6732819080352783
0.6765825748443604
0.6622586250305176
0.6711225509643555
0.6672918796539307
0.6769702434539795
0.6780009269714355
0.6689798831939697
0.6650958061218262
0.6500868797302246
0.6502852439880371
0.6749591827392578
0.6691138744354248
0.6449079513549805
0.6684060096740723
0.676180362701416
0.6848909854888916
0.6951069831848145
0.6798915863037109
0.6796319484710693
0.6700394153594971
0.6841921806335449
0.6454007625579834
0.6681127548217773
0.6673984527587891
0.6775274276733398
0.653144121170044
0.6831092834472656
0.6439297199249268
0.6399672031402588
0.6575806140899658
0.6437222957611084
0.6830902099609375
0.6874444484710693
0.6669392585754395
0.6672093868255615
0.6480047702789307
0.6720714569091797
0.6797983646392822
0.6914594173431396
0.6893646717071533
0.6949341297149658
0.6965124607086182
0.6726076602935791
0.6411957740783691
0.6705119609832764
0.6975424289703369
0.6912925243377686
0.656369686126709
0.6779465675354004
0.6679141521453857
0.6622111797332764
0.6796777248382568
0.6777982711791992
0.6650545597076416
0.6789431571960449
0.6555938720703125
0.674553394317627
0.663548469543457
0.660494327545166
0.6734857559204102
0.6781136989593506
0.6733095645904541
0.6571574211120605
0.6468708515167236
0.5676782131195068
0.5446310043334961
0.5280532836914062
0.5286514759063721
0.5332925319671631
0.5360183715820312
0.5357944965362549
0.5287742614746094
0.5144147872924805
0.5298242568969727
0.5365426540374756
0.5198862552642822
0.518399715423584
0.5291328430175781
0.5331683158874512
0.5186100006103516
0.5132713317871094
0.5373685359954834
0.5356454849243164
0.5342292785644531
0.5351278781890869
0.5354089736938477
0.5217154026031494
0.5328564643859863
0.5287964344024658
0.5242843627929688
0.5233094692230225
0.5281810760498047
0.5290117263793945
0.5293543338775635
0.5164964199066162
0.5209946632385254
0.5197656154632568
0.5221683979034424
0.5165975093841553
0.5303025245666504
0.5228440761566162
0.5298793315887451
0.5201523303985596
0.5198183059692383
0.5303299427032471
0.5210702419281006
0.5283303260803223
0.5264363288879395
0.5242080688476562
0.5237762928009033
0.5160698890686035
0.5252537727355957
0.5225436687469482
0.5195431709289551
0.5163373947143555
0.524134635925293
0.5315594673156738
0.5171923637390137
0.520993709564209
0.5265402793884277
0.5171973705291748
0.5286006927490234
0.5409905910491943
0.5291240215301514
0.542111873626709
0.5202121734619141
0.5245282649993896
0.5224816799163818
0.526050329208374
0.5262584686279297
0.5344827175140381
0.5267915725708008
0.5330090522766113
0.5214998722076416
0.5224759578704834
0.5290849208831787
0.5220708847045898
0.5283870697021484
0.5321130752563477
0.5220346450805664
0.5278198719024658
0.5155200958251953
0.5242910385131836
0.525388240814209
0.5169110298156738
0.5340306758880615
0.5256431102752686
0.5159463882446289
0.5193421840667725
0.5373773574829102
0.515139102935791
0.5244767665863037
0.5150253772735596
0.5165653228759766
0.5302505493164062
0.5177583694458008
0.5185189247131348
0.5306057929992676
0.5323317050933838
0.526400089263916
0.5231173038482666
0.5190961360931396
0.5241825580596924
0.5227601528167725
0.5287032127380371
0.5246429443359375
0.5270352363586426
0.5186765193939209
0.52301025390625
0.5262200832366943
0.5196266174316406
0.5292246341705322
0.5257370471954346
0.511768102645874
0.5360660552978516
0.5198283195495605
0.5210371017456055
0.5309526920318604
0.5125751495361328
0.5351848602294922
0.5248949527740479
0.5215988159179688
0.5274364948272705
0.5232794284820557
0.5352354049682617
0.5202605724334717
0.5297589302062988
0.5334479808807373
0.5234396457672119
0.5261132717132568
0.5273652076721191
0.518423318862915
0.5271792411804199
0.5339694023132324
0.5217709541320801
0.5305190086364746
0.5297451019287109
0.5298218727111816
0.5264620780944824
0.520989179611206
0.5173454284667969
0.5271410942077637
0.5231542587280273
0.5311448574066162
0.5193676948547363
0.5273294448852539
0.5199646949768066
0.5336577892303467
0.5259690284729004
0.5163133144378662
0.5201051235198975
0.5333530902862549
0.5175180435180664
0.5249810218811035
0.5263574123382568
0.5350162982940674
0.5265696048736572
0.5226845741271973
0.5236015319824219
0.5204370021820068
0.5191600322723389
0.5274059772491455
0.5257885456085205
0.5305609703063965
0.527937650680542
0.5289506912231445
0.5347902774810791
0.5245561599731445
0.5183618068695068
0.5309991836547852
0.5291519165039062
0.5136227607727051
0.5288486480712891
0.5188436508178711
0.5170373916625977
0.5320076942443848
0.5183908939361572
0.5330421924591064
0.5215625762939453
0.5278322696685791
0.5288455486297607
0.5300207138061523
0.5302815437316895
0.5354642868041992
0.5231974124908447
0.5219142436981201
0.5201513767242432
0.5298423767089844
0.5287530422210693
0.5171430110931396
0.5179145336151123
0.5220687389373779
0.5164377689361572
0.5154855251312256
0.5199356079101562
0.520087718963623
0.5176675319671631
0.5314197540283203
0.533273458480835
0.5239372253417969
0.5252370834350586
0.5216114521026611
0.5328102111816406
0.5167603492736816
0.608619213104248
0.606691837310791
0.607149600982666
0.6003262996673584
0.6008124351501465
0.6005008220672607
0.605259895324707
0.5987286567687988
0.6018471717834473
0.5987458229064941
0.5935113430023193
0.6000597476959229
0.6137902736663818
0.609276533126831
0.6071271896362305
0.5871226787567139
0.5968878269195557
0.6042342185974121
0.6020135879516602
0.5922973155975342
0.5958828926086426
0.5987324714660645
0.606391191482544
0.5967562198638916
0.6087779998779297
0.6120741367340088
0.6024055480957031
0.5957319736480713
0.5934953689575195
0.5915572643280029
0.590418815612793
0.5933420658111572
0.6096158027648926
0.600269079208374
0.5919520854949951
0.6006479263305664
0.6025772094726562
0.5996849536895752
0.6031725406646729
0.6008310317993164
0.5948333740234375
0.5964558124542236
0.5854487419128418
0.6030752658843994
0.5991017818450928
0.6036310195922852
0.5940349102020264
0.6099860668182373
0.6166963577270508
0.6038975715637207
0.6102116107940674
0.5942108631134033
0.5997805595397949
0.6002798080444336
0.604802131652832
0.6141066551208496
0.6002776622772217
0.6075749397277832
0.6077606678009033
0.6250472068786621
0.6008038520812988
0.6025886535644531
0.6146690845489502
0.6032013893127441
0.5965545177459717
0.5938711166381836
0.5996048450469971
0.5938267707824707
0.6024329662322998
0.5922503471374512
0.6001603603363037
0.6002979278564453
0.6048567295074463
0.6094303131103516
0.591242790222168
0.6012635231018066
0.6006982326507568
0.5927486419677734
0.5992746353149414
0.6017236709594727
0.6113507747650146
0.5986905097961426
0.5880837440490723
0.6041469573974609
0.5950660705566406
0.5993640422821045
0.5934956073760986
0.5900681018829346
0.6053862571716309
0.5861952304840088
0.594224214553833
0.5999596118927002
0.5941531658172607
0.5965838432312012
0.5984659194946289
0.605785608291626
0.6078405380249023
0.5883364677429199
0.5928213596343994
0.5896940231323242
0.597977876663208
0.6131725311279297
0.5918264389038086
0.5964014530181885
0.6043570041656494
0.5926680564880371
0.591355562210083
0.6034023761749268
0.597395658493042
0.5937933921813965
0.6048412322998047
0.61000657081604
0.6080045700073242
0.5982294082641602
0.5988447666168213
0.5922770500183105
0.5926859378814697
0.6063432693481445
0.6056721210479736
0.6109864711761475
0.5946991443634033
0.5995934009552002
0.5999126434326172
0.6005542278289795
0.5865247249603271
0.6044740676879883
0.5981118679046631
0.6154484748840332
0.5878198146820068
0.6027908325195312
0.6078078746795654
0.6133167743682861
0.6041085720062256
0.5938358306884766
0.6151859760284424
0.6004469394683838
0.5955190658569336
0.5920126438140869
0.6039474010467529
0.6042118072509766
0.5967319011688232
0.6014361381530762
0.5968997478485107
0.6023063659667969
0.5915846824645996
0.5913817882537842
0.6070077419281006
0.5959773063659668
0.6134974956512451
0.6088545322418213
0.5978147983551025
0.6078553199768066
0.590911865234375
0.6020832061767578
0.5997762680053711
0.5966620445251465
0.5998678207397461
0.5914087295532227
0.6249229907989502
0.601374626159668
0.5913584232330322
0.5901379585266113
0.6061689853668213
0.584456205368042
0.6078100204467773
0.5988810062408447
0.6041419506072998
0.5874965190887451
0.5917887687683105
0.6021919250488281
0.5896973609924316
0.593341588973999
0.5904994010925293
0.6112923622131348
0.589174747467041
0.5958118438720703
0.5950677394866943
0.5947763919830322
0.6036496162414551
0.6016862392425537
0.6092360019683838
0.5851054191589355
0.5880496501922607
0.600853443145752
0.5997791290283203
0.6014020442962646
0.5958676338195801
0.5986971855163574
0.6099526882171631
0.61112380027771
0.6005077362060547
0.6068170070648193
0.6010987758636475
0.599921464920044
0.6028938293457031
0.6015431880950928
0.5936918258666992
0.6048150062561035
0.614800214767456
0.6049041748046875
