2.2970001697540283
2.394082546234131
2.2555813789367676
2.3090107440948486
2.218280792236328
2.289872169494629
2.4111573696136475
2.3329262733459473
2.406975030899048
2.290745258331299
2.273160219192505
2.3542232513427734
2.200155019760132
2.336653232574463
2.262155532836914
2.2463183403015137
2.297060012817383
2.30800199508667
2.3255908489227295
2.35319447517395
2.222944974899292
2.3651843070983887
2.2694590091705322
2.215698003768921
2.2634599208831787
2.3194479942321777
2.3305323123931885
2.29152512550354
2.287646770477295
2.3798437118530273
2.246065139770508
2.375051975250244
2.3354134559631348
2.338331699371338
2.2323923110961914
2.3541758060455322
2.3305397033691406
2.2652359008789062
2.3227269649505615
2.328615427017212
2.299588441848755
2.3588550090789795
2.2967681884765625
2.324005603790283
2.1776411533355713
2.278524398803711
2.2344863414764404
2.3223581314086914
2.3255794048309326
2.408071994781494
2.335148811340332
2.257058620452881
2.149850368499756
2.2038733959198
2.2832388877868652
2.3200833797454834
2.257301092147827
2.247967004776001
2.2950384616851807
2.287867546081543
2.278402328491211
2.3209331035614014
2.2916018962860107
2.368828773498535
2.2882704734802246
2.3071513175964355
2.2987451553344727
2.328457832336426
2.2902612686157227
2.2510035037994385
2.311612606048584
2.2263524532318115
2.462790012359619
2.259284019470215
2.265897750854492
2.260681390762329
2.3937132358551025
2.433183431625366
2.2867965698242188
2.2795188426971436
2.259615182876587
2.3434009552001953
2.2121005058288574
2.260638475418091
2.2457761764526367
2.2632079124450684
2.2934887409210205
2.2449896335601807
2.2406346797943115
2.2750892639160156
2.327871561050415
2.2750749588012695
2.289968729019165
2.262460231781006
2.305126428604126
2.315088987350464
2.292436361312866
2.2634036540985107
2.248706579208374
2.2973663806915283
2.3716881275177
2.2485954761505127
2.3273680210113525
2.2391083240509033
2.301133394241333
2.361882448196411
2.3275628089904785
2.2806475162506104
2.284602642059326
2.291421890258789
2.4453723430633545
2.3152365684509277
2.3574182987213135
2.2053332328796387
2.2765393257141113
2.4006311893463135
2.2713584899902344
2.2286884784698486
2.2120227813720703
2.2708911895751953
2.3028602600097656
2.269610643386841
2.2144827842712402
2.2632572650909424
2.2540597915649414
2.430255651473999
2.241960287094116
2.250241756439209
2.2174160480499268
2.2823874950408936
2.184511661529541
2.3072173595428467
2.278740167617798
2.357710123062134
2.2821462154388428
2.2237329483032227
2.2354965209960938
2.3807461261749268
2.2595431804656982
2.2847282886505127
2.2633564472198486
2.343226432800293
2.2631516456604004
2.2959096431732178
2.2400119304656982
2.237738847732544
2.2809689044952393
2.268026828765869
2.304154396057129
2.2352452278137207
2.302558183670044
2.3101038932800293
2.3264408111572266
2.278752565383911
2.294429063796997
2.3263731002807617
2.316429853439331
2.3612711429595947
2.2164604663848877
2.314135789871216
2.3000736236572266
2.2800345420837402
2.3091163635253906
2.356856346130371
2.267958641052246
2.2804362773895264
2.2969272136688232
2.32464599609375
2.400057077407837
2.3494744300842285
2.225553512573242
2.3593666553497314
2.315214157104492
2.2753264904022217
2.307394027709961
2.273981809616089
2.2825357913970947
2.302875518798828
2.3990843296051025
2.3343613147735596
2.2836246490478516
2.309957265853882
2.2456350326538086
2.3158602714538574
2.2301583290100098
2.394192934036255
2.252330780029297
12.56692099571228
2.3734614849090576
2.4064242839813232
2.3268072605133057
2.3474905490875244
2.307210683822632
2.2313711643218994
2.287827968597412
2.297781467437744
2.3703629970550537
2.276042938232422
2.3531346321105957
2.3283939361572266
2.9594452381134033
2.9931089878082275
2.9855213165283203
3.0394790172576904
2.9912617206573486
3.0428802967071533
3.076641321182251
2.99691104888916
2.9412169456481934
2.9940667152404785
3.0107579231262207
2.9671425819396973
2.993455648422241
3.0044400691986084
2.9810686111450195
2.9738142490386963
2.936099052429199
3.0110561847686768
2.9741170406341553
2.9635727405548096
2.9714925289154053
3.0586369037628174
3.039041042327881
2.912566661834717
2.9954135417938232
2.992502212524414
2.9814062118530273
2.9669289588928223
2.97869873046875
3.015901565551758
2.933654308319092
2.959822177886963
2.990447998046875
2.957486391067505
2.9642446041107178
3.046402931213379
2.978362798690796
2.9633383750915527
2.9651732444763184
2.949233055114746
3.026181221008301
3.032078742980957
2.974591016769409
3.01824951171875
3.005906820297241
3.022864580154419
2.911041021347046
2.981518030166626
3.0349245071411133
2.980776786804199
3.0142593383789062
2.954619884490967
3.019725799560547
2.923182964324951
2.9939956665039062
3.0087082386016846
2.9830210208892822
3.0410268306732178
3.080742120742798
2.999042272567749
3.0346693992614746
2.9907751083374023
3.0178160667419434
2.9951460361480713
3.037321090698242
2.8592588901519775
3.0167722702026367
3.0041089057922363
3.024073600769043
3.0122482776641846
2.9958655834198
2.9880361557006836
2.999854326248169
2.973418712615967
2.988457679748535
3.024224042892456
2.9768407344818115
2.9210681915283203
2.993614435195923
2.9400720596313477
3.0127432346343994
3.027070999145508
2.8984649181365967
3.018646001815796
2.990482807159424
2.9977049827575684
2.9716150760650635
3.0490198135375977
2.9709324836730957
2.897111177444458
3.023341655731201
3.0211784839630127
2.987820625305176
2.980285882949829
2.910360813140869
2.9830410480499268
2.9957659244537354
2.9713242053985596
3.003154993057251
3.0242726802825928
2.9993538856506348
2.9527475833892822
2.97652006149292
2.981217861175537
3.008958578109741
3.0087673664093018
2.8824446201324463
3.012873649597168
2.9750161170959473
2.9766621589660645
3.003324270248413
2.868222713470459
2.9760451316833496
2.968759059906006
2.981034517288208
2.9620020389556885
2.9805727005004883
2.9975273609161377
2.9062628746032715
2.9932777881622314
3.013369083404541
3.0252976417541504
2.9876277446746826
2.9960153102874756
2.997960329055786
3.0357742309570312
2.9913246631622314
3.0254549980163574
2.982361316680908
2.9999382495880127
3.009479284286499
2.992079973220825
3.000073194503784
2.9353597164154053
2.993069887161255
2.9768166542053223
3.008729934692383
3.00777268409729
2.8978936672210693
3.015559434890747
2.994194269180298
3.020495653152466
3.0070149898529053
2.9366936683654785
3.00219464302063
2.9975767135620117
3.0053834915161133
3.0068986415863037
2.9756858348846436
2.9814529418945312
2.9799208641052246
3.006995916366577
2.9901809692382812
3.015928268432617
3.0253288745880127
2.9971868991851807
2.972395896911621
3.0088253021240234
3.0063846111297607
3.017887830734253
3.055166482925415
2.981072187423706
3.012053966522217
3.021014451980591
13.08499002456665
2.8968329429626465
2.984945297241211
2.9870872497558594
2.9823577404022217
2.9854202270507812
2.8942365646362305
2.96191668510437
3.0289833545684814
2.9923245906829834
3.024592876434326
2.9931092262268066
2.99253511428833
3.0223324298858643
3.02681303024292
3.0407769680023193
2.9924113750457764
3.0107672214508057
3.0271661281585693
2.959653377532959
3.0120818614959717
2.9687118530273438
2.9941022396087646
2.974341630935669
2.98534893989563
3.0066471099853516
2.9252192974090576
3.0376603603363037
2.972222328186035
2.9949233531951904
3.0803236961364746
2.9046664237976074
2.9727590084075928
2.9242732524871826
3.0010757446289062
2.985732078552246
3.4645233154296875
3.417227029800415
3.4343411922454834
3.507640838623047
3.4659249782562256
3.5249907970428467
3.4213156700134277
3.4501914978027344
3.5586423873901367
3.493642807006836
3.4431612491607666
3.4569344520568848
3.3916125297546387
3.436962842941284
3.418797492980957
3.4798319339752197
3.490823268890381
3.5017030239105225
3.4378273487091064
3.4508254528045654
3.4424309730529785
3.525730848312378
3.4816813468933105
3.4261927604675293
3.5235769748687744
3.4260830879211426
3.429816961288452
3.5629522800445557
3.461627960205078
3.4857518672943115
3.409811496734619
3.394592523574829
3.5705111026763916
3.4643776416778564
3.5254039764404297
3.434335947036743
3.5167315006256104
3.4329302310943604
3.4360783100128174
3.4834446907043457
3.4566144943237305
3.5071651935577393
3.5024874210357666
3.46475887298584
3.4945168495178223
3.4769341945648193
3.4803128242492676
3.632298707962036
3.4371981620788574
3.5217316150665283
3.5073769092559814
3.5088720321655273
3.4284560680389404
3.486020803451538
3.4551286697387695
3.506650447845459
3.53602933883667
3.5235416889190674
3.432342529296875
3.465548515319824
3.4034547805786133
3.5002880096435547
3.429898738861084
3.444650411605835
3.456758499145508
3.479666233062744
3.431452512741089
3.5214877128601074
3.41192364692688
3.406975030899048
3.387101650238037
3.5342915058135986
3.494469165802002
3.499563455581665
3.4169647693634033
3.5269579887390137
3.5191078186035156
3.4228062629699707
3.477457046508789
3.5014734268188477
3.434178113937378
3.50504994392395
3.521538496017456
3.49747371673584
3.5065553188323975
3.4147331714630127
3.4061484336853027
3.5467588901519775
3.4775562286376953
3.4778106212615967
3.457509756088257
3.4532642364501953
3.530691385269165
3.4799466133117676
3.511834144592285
3.433762550354004
3.4742088317871094
3.4751298427581787
3.4513609409332275
3.5069103240966797
3.49825119972229
3.555182456970215
3.5185086727142334
3.496934175491333
3.4816832542419434
3.531949043273926
3.407522439956665
3.485868453979492
3.45748233795166
3.4572885036468506
3.4769034385681152
3.484689712524414
3.454909324645996
3.4300591945648193
3.4361424446105957
3.589063882827759
3.5044925212860107
3.5242435932159424
3.44808292388916
3.4337267875671387
3.4434456825256348
3.478286027908325
3.409132719039917
3.438831090927124
3.526803970336914
3.4028091430664062
3.4532828330993652
3.3731915950775146
3.456408977508545
3.440706968307495
3.4942433834075928
3.497286319732666
3.495837926864624
3.4893405437469482
3.521273136138916
3.508244276046753
3.5068373680114746
3.4160304069519043
3.446906089782715
3.5039384365081787
3.465200185775757
3.434171676635742
3.4909567832946777
3.4283459186553955
13.626184940338135
3.492241621017456
3.387446641921997
3.458357572555542
3.510434150695801
3.443667411804199
3.422482490539551
3.5156092643737793
3.461977958679199
3.503490686416626
3.4705300331115723
3.4359700679779053
3.48366379737854
3.446411609649658
3.504180669784546
3.5292794704437256
3.4575817584991455
3.5495083332061768
3.411083936691284
3.501053810119629
3.4911468029022217
3.467045783996582
3.51859712600708
3.443629026412964
3.506500244140625
3.47174334526062
3.4414966106414795
3.4344959259033203
3.491727113723755
3.418548822402954
3.5369973182678223
3.463149309158325
3.4636478424072266
3.4798343181610107
3.379767417907715
3.5258970260620117
3.378500461578369
3.5238804817199707
3.379620313644409
3.412332773208618
3.402463912963867
3.4524011611938477
13.570380926132202
3.4152638912200928
3.5432116985321045
3.5171167850494385
3.4508581161499023
3.4782681465148926
3.4844274520874023
3.444068670272827
3.454254150390625
3.377286434173584
3.5577902793884277
3.5397074222564697
3.508780002593994
3.4771230220794678
2.9092800617218018
2.8534421920776367
2.9919490814208984
2.962160110473633
2.9007387161254883
2.985384464263916
2.985691547393799
2.9474313259124756
2.9253079891204834
2.8579976558685303
3.002408742904663
2.891584634780884
2.8749704360961914
2.9494924545288086
2.9195847511291504
2.8426754474639893
2.890634298324585
2.88480806350708
2.8968827724456787
2.8798329830169678
2.933298110961914
2.87917423248291
2.8723292350769043
2.8298068046569824
2.869201421737671
2.9271979331970215
2.8854384422302246
2.8780198097229004
2.856579542160034
2.840359926223755
2.8968396186828613
2.886516809463501
2.899785280227661
2.9698684215545654
2.900646209716797
2.885347843170166
2.874552011489868
2.9313201904296875
2.9388859272003174
2.9560317993164062
2.8531436920166016
2.8592653274536133
2.844083786010742
2.904146671295166
2.866908073425293
2.900456666946411
2.8830270767211914
2.878634214401245
2.9375219345092773
2.8277950286865234
2.8858187198638916
2.875187635421753
2.8693110942840576
2.865699529647827
2.8545262813568115
2.900881767272949
2.8734099864959717
2.876220464706421
2.952132225036621
2.818307876586914
2.950570821762085
2.897228717803955
2.8533926010131836
2.901888847351074
2.8687307834625244
2.881112813949585
2.833319902420044
2.89676570892334
2.8804543018341064
2.880446672439575
2.909994602203369
2.948960065841675
2.9090042114257812
2.9009339809417725
2.8194427490234375
2.8756303787231445
2.8900394439697266
2.9194815158843994
2.807741403579712
2.8845529556274414
2.9030187129974365
2.8467161655426025
2.9022934436798096
2.809040069580078
2.923806667327881
2.8195669651031494
2.9666640758514404
2.8736681938171387
2.8937957286834717
2.837160110473633
2.9357681274414062
2.8616011142730713
2.8603627681732178
2.8765807151794434
2.8910045623779297
2.9333274364471436
2.9033772945404053
2.9445879459381104
2.8257384300231934
2.9095377922058105
2.8450989723205566
2.824368476867676
2.809713840484619
2.853790044784546
2.8918721675872803
2.9243173599243164
2.8682467937469482
2.8625099658966064
2.8485209941864014
2.80795955657959
2.9060933589935303
2.836827516555786
2.939547061920166
2.9075653553009033
2.919975757598877
2.9410173892974854
2.8725733757019043
2.8898160457611084
2.855245590209961
2.8602843284606934
2.9158856868743896
2.872485399246216
2.8530237674713135
2.9473228454589844
2.8913075923919678
2.9271974563598633
2.9021620750427246
2.8987905979156494
2.85695481300354
2.9140021800994873
2.9001288414001465
2.9231932163238525
2.9236388206481934
2.8774430751800537
2.940485715866089
2.8731601238250732
2.8853633403778076
2.894120454788208
2.8423564434051514
2.919158458709717
2.8745675086975098
2.8822007179260254
2.8834927082061768
2.8740413188934326
2.8433878421783447
2.830687999725342
2.8857922554016113
2.8834192752838135
2.890127420425415
2.8970348834991455
2.9291296005249023
2.9592444896698
2.8859095573425293
2.8814635276794434
2.9319088459014893
2.939805030822754
2.8145925998687744
2.8478407859802246
2.840394973754883
2.936962127685547
2.925601005554199
2.911236047744751
2.914041042327881
2.828446865081787
2.903987407684326
2.7904369831085205
2.9115147590637207
2.852463483810425
2.820587635040283
2.8426592350006104
2.867776393890381
2.94069766998291
2.788545846939087
12.88644003868103
2.79266619682312
2.883021831512451
2.8734233379364014
2.873915195465088
2.8524699211120605
2.9323809146881104
2.8469765186309814
2.919145107269287
2.8751220703125
2.9527437686920166
2.849452018737793
2.8704991340637207
2.8759615421295166
2.8533167839050293
2.8214595317840576
2.9275107383728027
2.9688072204589844
2.9065208435058594
2.8570425510406494
2.8675246238708496
2.8352460861206055
2.829821825027466
2.8555140495300293
2.8408379554748535
2.919732093811035
2.871577739715576
2.993663787841797
3.0235073566436768
3.0337226390838623
2.9305269718170166
2.9557440280914307
2.9815778732299805
2.984187364578247
2.893352508544922
2.9688875675201416
2.9617257118225098
2.9458181858062744
2.924872398376465
2.902843952178955
2.9858133792877197
2.9111745357513428
2.9578897953033447
3.061013698577881
3.007755994796753
2.981473922729492
2.900311231613159
2.98177170753479
2.9499692916870117
2.9583327770233154
2.8945066928863525
3.000056028366089
2.99075984954834
2.8962230682373047
3.048171043395996
3.0288264751434326
2.9377989768981934
2.981231451034546
2.8419079780578613
2.953157901763916
3.023101329803467
2.9850728511810303
2.9616730213165283
2.9335854053497314
2.9839186668395996
2.9625332355499268
2.9598536491394043
2.9859507083892822
2.990219831466675
2.9688055515289307
2.956876039505005
2.945739507675171
3.0014331340789795
2.995602607727051
3.0266551971435547
3.083547353744507
2.972270965576172
2.9232189655303955
2.9672458171844482
2.9161128997802734
2.9539902210235596
3.000148057937622
2.980579376220703
2.9773662090301514
2.9511537551879883
2.963744640350342
2.928556442260742
2.976698160171509
2.991811752319336
2.9192636013031006
3.0139737129211426
3.0268731117248535
2.993767499923706
2.9261152744293213
3.0257132053375244
2.985344171524048
3.0346500873565674
3.0294480323791504
2.905103921890259
2.9717893600463867
2.9748034477233887
2.9323933124542236
2.9800097942352295
3.0881989002227783
2.9628546237945557
2.886720895767212
2.9936556816101074
3.0068392753601074
2.9231715202331543
2.911004066467285
2.9641239643096924
3.004528284072876
3.044504165649414
2.9476356506347656
2.9379866123199463
2.9378116130828857
3.0488381385803223
2.9951281547546387
2.968801975250244
2.9813904762268066
2.926814556121826
2.9554033279418945
3.023132562637329
2.9227683544158936
2.9971911907196045
2.9632444381713867
2.916836738586426
2.9707863330841064
2.9236326217651367
2.9005064964294434
2.957425355911255
2.9829843044281006
2.980987787246704
2.9730474948883057
2.9574873447418213
2.932189702987671
2.939030170440674
2.9678516387939453
2.890723705291748
2.923017740249634
2.9541659355163574
2.959111452102661
2.957286834716797
2.96189022064209
2.9843199253082275
2.928565740585327
2.947814464569092
2.9350953102111816
2.957754611968994
2.9277842044830322
2.9862170219421387
2.9090476036071777
3.012690782546997
2.9396469593048096
2.9139888286590576
2.9713523387908936
2.959033489227295
3.028465986251831
2.975377082824707
2.9893202781677246
2.935957193374634
3.026431083679199
2.9565787315368652
2.9697797298431396
2.930643081665039
2.9705793857574463
2.8994462490081787
2.9486114978790283
2.943405866622925
3.0176124572753906
2.947359085083008
2.9761416912078857
2.960817813873291
2.903719663619995
2.991530656814575
2.980921983718872
2.959242582321167
3.046532154083252
2.9352633953094482
2.871108293533325
2.981691360473633
2.89793062210083
2.9448935985565186
3.0339930057525635
2.957728147506714
2.994328498840332
2.938300132751465
2.993532180786133
2.9448015689849854
2.8995513916015625
2.898329019546509
2.9648542404174805
2.9612233638763428
3.0160605907440186
2.9822239875793457
2.9083666801452637
2.9437570571899414
3.043830633163452
2.921797752380371
2.9023516178131104
2.919219493865967
2.9774906635284424
2.963327407836914
2.98384690284729
3.016678810119629
2.970648765563965
2.960481882095337
2.9577860832214355
2.9718918800354004
2.946986436843872
2.968994379043579
2.963517904281616
3.015540838241577
2.947467803955078
3.0148093700408936
2.991821765899658
2.9666106700897217
2.958010673522949
2.9430830478668213
2.899301290512085
2.969576597213745
2.985710382461548
2.9582579135894775
2.944711923599243
2.926931142807007
2.9511091709136963
2.9468119144439697
