21.00417137145996
20.231165647506714
20.778138875961304
20.84014868736267
20.900936365127563
20.13873314857483
20.595906019210815
20.68442463874817
20.884299516677856
21.763768672943115
20.18673610687256
21.769214153289795
20.935138940811157
21.848225831985474
21.321425914764404
20.37635898590088
21.240010499954224
20.150299787521362
20.253466844558716
20.261882543563843
20.228148698806763
20.892152070999146
21.466214895248413
21.376049280166626
20.322784423828125
21.13026714324951
21.41505241394043
20.684048414230347
21.320711612701416
21.202632904052734
21.11154341697693
20.822787761688232
20.43272829055786
20.53544545173645
20.712666034698486
21.97021508216858
20.091692209243774
21.88980531692505
20.1865816116333
20.26245951652527
21.43517017364502
20.282816886901855
22.970550775527954
20.816550970077515
23.276063203811646
19.484447956085205
22.40898370742798
20.649316549301147
20.92164444923401
19.412219524383545
20.032439470291138
21.17075276374817
21.131816864013672
22.23206901550293
20.64310073852539
20.66860294342041
19.01694083213806
20.26948308944702
22.15189003944397
20.931477308273315
21.452354192733765
19.500579833984375
20.954880237579346
20.500407218933105
20.13658618927002
21.55463933944702
21.980690717697144
21.417259454727173
21.703882694244385
19.726441860198975
22.588738679885864
21.876694917678833
20.24282670021057
19.25504779815674
21.003612279891968
19.873993396759033
19.82544755935669
19.97483515739441
21.42723822593689
22.354331016540527
21.583096265792847
20.180908203125
21.109580755233765
21.941761016845703
20.21478033065796
19.67844867706299
19.87015676498413
20.31218433380127
21.697186708450317
21.42950415611267
22.201937675476074
19.78508710861206
22.521860599517822
22.11263656616211
20.520089149475098
22.250221729278564
20.953883171081543
19.63139295578003
22.41720724105835
21.77981400489807
20.953141927719116
22.106677532196045
22.190128326416016
20.271465063095093
21.03455901145935
20.611730813980103
20.719812154769897
20.50440526008606
22.18099880218506
20.606910467147827
20.828437566757202
19.856529712677002
21.568308115005493
20.681949853897095
21.97554850578308
20.947048664093018
20.323991060256958
22.953213930130005
21.958175897598267
22.341800689697266
20.161123275756836
20.43036389350891
19.829021453857422
20.138561487197876
21.769049644470215
22.01884651184082
21.157378673553467
22.283979415893555
21.310370922088623
20.19009828567505
20.010998010635376
21.473198652267456
21.713074922561646
20.521340370178223
20.941936492919922
20.14368748664856
20.35414171218872
19.962340116500854
21.674575328826904
20.73353338241577
20.369688987731934
21.13485026359558
19.85716962814331
20.156425714492798
19.92092514038086
20.144392728805542
20.429288864135742
21.43217420578003
20.619325637817383
21.00400733947754
20.553447008132935
20.58899188041687
21.218135833740234
21.919041395187378
21.334134578704834
20.328672647476196
21.849633932113647
21.74926233291626
20.079259395599365
21.51474404335022
21.32571053504944
21.643081188201904
22.2809054851532
21.605393648147583
20.373522520065308
21.457058668136597
21.49601125717163
20.173414707183838
21.339629411697388
19.97240972518921
20.478432416915894
21.560777187347412
19.954509258270264
21.574832439422607
20.37749671936035
20.450300455093384
22.1137216091156
22.43923783302307
20.206830263137817
22.22389554977417
19.99862265586853
20.682098150253296
20.588364601135254
19.924450397491455
20.47158408164978
26.09383201599121
20.104350566864014
20.03504180908203
21.155887842178345
20.082454204559326
20.23320460319519
20.058127641677856
30.815901041030884
21.998111963272095
24.24837064743042
21.202873945236206
25.245005130767822
20.489351511001587
20.401734113693237
21.14228081703186
25.881062030792236
26.4583158493042
26.01673936843872
25.41401505470276
26.606980800628662
25.79237198829651
25.789363145828247
24.41740107536316
24.826269149780273
24.73255705833435
25.76469588279724
25.14582848548889
24.28271722793579
26.224964380264282
24.180939435958862
25.880386352539062
25.488786458969116
24.65586566925049
25.11775040626526
23.965959787368774
25.28892183303833
24.170714139938354
24.901997804641724
24.366015911102295
24.0887131690979
25.177101850509644
24.102176904678345
25.011148929595947
24.03355097770691
24.606356859207153
24.637632131576538
24.00277328491211
25.419657707214355
24.242472887039185
25.250293731689453
24.244986057281494
25.579700708389282
25.00643277168274
24.016595363616943
26.126325845718384
24.40047264099121
24.474162578582764
24.09532856941223
23.433336973190308
23.984171390533447
24.307294607162476
24.62093949317932
25.117844820022583
24.994362115859985
25.447176456451416
25.171083211898804
24.09803295135498
23.58350157737732
24.349074602127075
24.517948389053345
25.07041597366333
24.00109362602234
25.76032066345215
23.877804040908813
24.97084331512451
25.075498342514038
24.15127468109131
25.71123456954956
24.152358055114746
25.681444883346558
24.918981552124023
24.051451206207275
25.786131858825684
26.363429307937622
24.528086185455322
23.974427700042725
24.034592628479004
25.866617441177368
26.664801359176636
23.831836700439453
24.051024198532104
26.231609106063843
25.34865403175354
26.88442087173462
25.852969884872437
26.73990797996521
23.97083878517151
24.641565561294556
24.96607780456543
25.20279860496521
23.91521692276001
23.14103674888611
25.64552068710327
23.929064750671387
25.647303104400635
24.970646381378174
25.312275648117065
24.23724055290222
25.536977767944336
24.224310636520386
24.16669225692749
25.640275478363037
24.026913166046143
25.072823524475098
24.104986906051636
25.84961247444153
25.614421606063843
24.114712476730347
26.086380004882812
22.61305832862854
25.92780566215515
26.69922709465027
25.676992177963257
25.82598328590393
24.648858785629272
22.98115825653076
26.582356929779053
24.670005321502686
24.70712924003601
24.112374544143677
26.081247329711914
24.007283926010132
25.694660186767578
25.068881511688232
25.565433263778687
25.697564840316772
25.28127694129944
25.967461824417114
26.108688831329346
27.227610111236572
25.626283407211304
25.570230722427368
26.487574338912964
26.802409410476685
24.187660217285156
26.245787382125854
24.012559175491333
26.349769830703735
25.908562898635864
25.37086057662964
25.85772705078125
24.44544816017151
23.94526505470276
25.443560361862183
26.239890575408936
25.017307996749878
26.5440731048584
24.680597066879272
24.310588359832764
25.473572254180908
23.2728488445282
33.73354697227478
23.814047813415527
31.304529428482056
27.692599296569824
33.01453614234924
25.81134819984436
27.808369159698486
26.763298988342285
36.3401563167572
23.796455144882202
23.33557891845703
24.382657766342163
24.086246967315674
25.014097213745117
24.770406484603882
24.809752225875854
26.113004446029663
24.239559173583984
25.622989892959595
26.60822892189026
29.36047649383545
25.367630004882812
27.706071138381958
23.751840353012085
27.25318217277527
23.928603887557983
28.197794437408447
24.188267946243286
23.798491716384888
24.011217832565308
25.49117374420166
25.516949892044067
24.49568247795105
24.439425468444824
24.082828521728516
32.799657583236694
26.30232048034668
24.99315905570984
23.40700602531433
28.870110034942627
24.04861545562744
28.705793142318726
24.24523162841797
26.94886875152588
22.953306674957275
29.001479864120483
25.62493658065796
23.06801176071167
25.060847520828247
23.973525047302246
25.677237272262573
26.602900505065918
24.298869371414185
26.088709115982056
29.681952476501465
29.889644384384155
30.287144899368286
29.5672709941864
28.328614950180054
28.28085207939148
28.439167976379395
28.580915212631226
28.636826276779175
30.03634786605835
29.157139539718628
28.93886399269104
29.11651086807251
29.603955030441284
29.68504309654236
28.03247046470642
27.91675114631653
30.26121497154236
28.35509204864502
31.087549448013306
30.180426597595215
29.549452543258667
29.297898054122925
27.950840711593628
28.31070065498352
28.959500551223755
28.60007357597351
30.356072902679443
29.541125297546387
30.681670427322388
29.446396589279175
29.26989197731018
29.22692084312439
29.15864634513855
28.2219660282135
28.120263814926147
28.633416414260864
29.350337505340576
28.869646310806274
29.908848762512207
31.236928701400757
30.04565954208374
29.217172145843506
30.2801570892334
29.81212568283081
28.16608476638794
28.26491141319275
28.717700481414795
28.735737085342407
28.12626624107361
28.81333565711975
28.31797742843628
31.11989164352417
29.604078769683838
28.08213186264038
28.305262804031372
27.96958303451538
29.560099601745605
30.242748498916626
28.116669416427612
28.074594736099243
28.77174949645996
29.915878534317017
28.402591943740845
30.180402040481567
28.63233232498169
29.895282983779907
29.919391632080078
28.143508672714233
30.93343710899353
28.56421399116516
29.26336169242859
29.75414204597473
27.905402183532715
29.987700939178467
29.44248867034912
30.069687128067017
28.69628357887268
30.709969997406006
28.016083478927612
28.08099126815796
28.523470640182495
28.24796748161316
29.634061813354492
29.423187017440796
29.072543144226074
29.029547691345215
28.974741458892822
29.516579627990723
28.79487419128418
29.020020008087158
30.402403354644775
30.191298246383667
28.043585300445557
29.35115075111389
29.763731956481934
30.494079113006592
29.078811168670654
29.64397931098938
29.996987104415894
28.679226636886597
30.01991295814514
28.37002444267273
31.574931383132935
31.939812660217285
28.768041849136353
28.81295132637024
28.30766749382019
30.131613731384277
28.858534574508667
28.797294855117798
31.147550344467163
28.246896505355835
28.12705397605896
28.49135708808899
29.293197870254517
27.974527597427368
28.567641973495483
29.440648078918457
28.557220220565796
30.420358657836914
29.034667491912842
28.645957708358765
27.82736110687256
35.63148355484009
28.77961254119873
29.67964458465576
28.510862112045288
31.378149271011353
29.704129219055176
28.278986930847168
30.473596572875977
38.336371183395386
28.121712923049927
28.159313917160034
29.219353914260864
29.337899923324585
30.186811208724976
28.246789932250977
28.49840474128723
28.334960460662842
32.273123264312744
28.158629417419434
32.5776731967926
32.44591522216797
29.71988034248352
35.15804839134216
28.24259877204895
28.536083459854126
28.82223606109619
29.401435375213623
29.187517881393433
31.74776840209961
31.85820484161377
28.39838981628418
37.65479111671448
29.066610097885132
28.17906093597412
29.708109617233276
29.894206047058105
30.046875
29.189590215682983
29.602641344070435
38.09836173057556
31.02688503265381
28.01604151725769
29.444607973098755
29.1307532787323
29.681612730026245
29.97092866897583
27.982076168060303
27.598393440246582
30.425878047943115
28.898197889328003
31.71500253677368
28.186859846115112
28.272488355636597
29.60331678390503
28.302332639694214
33.14208936691284
28.49345374107361
30.770543575286865
29.80744457244873
29.142646312713623
30.704472541809082
28.753949642181396
29.269470691680908
28.163605213165283
37.3919734954834
28.152958154678345
30.262466430664062
32.09883999824524
28.382873058319092
29.385669946670532
28.55488681793213
28.3674099445343
28.15682029724121
28.96800661087036
27.952582597732544
28.07737445831299
26.056421279907227
23.582912921905518
24.742803812026978
24.373775243759155
24.96451473236084
23.615420818328857
23.741451025009155
23.04957866668701
24.477050065994263
24.039804697036743
23.26299476623535
25.288153409957886
33.28600215911865
22.766200065612793
22.863046884536743
25.524283170700073
23.31261157989502
24.87900710105896
22.400489807128906
22.343010187149048
25.71570324897766
23.64312767982483
23.823325157165527
21.719738721847534
24.937580823898315
22.64397430419922
25.050586700439453
24.45556378364563
23.09422755241394
23.011523246765137
23.61329960823059
23.040576934814453
23.231903076171875
23.362122535705566
25.844541311264038
22.56966733932495
23.255701303482056
23.704888820648193
23.87969160079956
25.72989845275879
24.088629007339478
25.35404920578003
25.848192930221558
23.51975417137146
22.54727077484131
24.245028972625732
22.880504846572876
25.09680461883545
24.463637828826904
24.127633333206177
25.016559600830078
25.204305171966553
22.553046226501465
24.392133235931396
24.46297311782837
22.893468379974365
23.128133296966553
23.103636980056763
24.5036301612854
23.028045892715454
24.218597412109375
22.736200094223022
22.926756143569946
24.342567920684814
24.93754482269287
22.848807096481323
23.746865034103394
24.092907190322876
23.147993087768555
22.793517589569092
22.367061853408813
24.56508159637451
22.695191144943237
23.83484983444214
24.078742265701294
23.948090314865112
22.966166496276855
24.152974128723145
23.919479608535767
24.569663047790527
24.52650475502014
23.71084499359131
22.509074211120605
22.645986080169678
23.298754692077637
24.713516235351562
24.413429975509644
24.819190740585327
23.41872262954712
22.90307927131653
23.803691864013672
22.94513249397278
24.424854516983032
23.204893589019775
25.35031533241272
22.56542658805847
22.448949337005615
21.730616807937622
24.134185791015625
25.407804012298584
22.68439245223999
25.051690578460693
23.104750871658325
25.080166339874268
23.97122550010681
22.63626980781555
22.474807262420654
23.742571353912354
23.994651317596436
22.392313480377197
22.821858644485474
25.49123764038086
25.118006467819214
22.92018222808838
22.553405046463013
23.59472894668579
23.568546295166016
22.8266818523407
25.029268980026245
23.27970552444458
25.36156439781189
24.90340805053711
25.092334985733032
24.208802700042725
23.34537649154663
24.43169856071472
23.660250902175903
24.582870483398438
22.010735511779785
25.4601149559021
22.932509660720825
23.68795657157898
23.105396509170532
22.854493618011475
25.257624864578247
22.32159662246704
24.124627113342285
23.215515851974487
23.24724006652832
24.65616202354431
23.109511375427246
22.545703172683716
23.821079969406128
22.604244470596313
22.853784799575806
23.637877941131592
23.245394945144653
22.431623697280884
24.814231395721436
24.46471905708313
23.7033474445343
22.445704460144043
34.5096640586853
25.092113256454468
30.25492286682129
24.901885986328125
28.631457328796387
24.82603406906128
26.981152534484863
23.196996212005615
29.720537424087524
24.39671301841736
28.451533794403076
24.57967185974121
24.201756715774536
25.103217840194702
23.05685567855835
24.01623034477234
22.440137147903442
23.952277421951294
22.492192268371582
23.50570583343506
24.072346687316895
23.33346390724182
23.450478553771973
32.597808837890625
23.075428009033203
31.33181357383728
24.98645520210266
28.093427658081055
24.369630336761475
27.846627712249756
22.727511167526245
24.376299142837524
24.151986837387085
23.550950288772583
22.64456057548523
22.627049207687378
22.461617708206177
22.984278678894043
23.217705011367798
34.52641248703003
24.504570245742798
22.38747215270996
35.4305305480957
24.466941356658936
30.071441888809204
22.487805604934692
30.346835136413574
24.113731622695923
24.27496910095215
24.981131076812744
24.579490900039673
25.386345386505127
24.20917558670044
23.390711784362793
24.512747049331665
24.633339643478394
23.431344747543335
24.84798526763916
23.208215475082397
23.266948461532593
22.754236459732056
23.368701457977295
24.242360591888428
24.659061908721924
23.15246891975403
24.984010219573975
24.97979712486267
23.022501468658447
23.221575498580933
24.98406195640564
26.448118209838867
24.560822248458862
23.190187215805054
24.984206199645996
22.8007230758667
22.73567533493042
23.169846057891846
24.55721426010132
23.069127082824707
22.939809799194336
23.931935787200928
22.732362985610962
25.167154788970947
23.409987211227417
23.87556552886963
26.13562321662903
23.203320741653442
23.007075548171997
24.36078977584839
23.545639276504517
23.98137664794922
24.20017695426941
23.628106355667114
24.384717226028442
23.206138610839844
23.565638542175293
22.738734245300293
22.331398487091064
23.14078450202942
24.459436178207397
25.113973379135132
23.66387677192688
24.545607805252075
24.02225089073181
23.099145650863647
25.144009828567505
24.893457174301147
23.312639713287354
23.323456287384033
23.022101640701294
23.698925018310547
23.025090217590332
23.335792303085327
23.22851538658142
22.983794450759888
22.992335557937622
24.76729464530945
24.06800389289856
24.239840745925903
22.82495617866516
25.736243724822998
22.743677139282227
24.150132179260254
24.19477653503418
23.83229970932007
23.642515182495117
23.804832696914673
24.12112545967102
25.30522346496582
23.61536407470703
23.385392904281616
23.420345783233643
24.998970985412598
23.18219256401062
26.246838808059692
22.811543941497803
24.31018900871277
25.183784008026123
23.11798930168152
23.119309663772583
26.135918140411377
25.666494369506836
24.134151697158813
24.222018241882324
25.06058955192566
23.148618936538696
23.235255241394043
26.424492835998535
22.444382190704346
23.398390531539917
23.140036821365356
25.215210437774658
23.443408727645874
23.587778091430664
24.294329404830933
23.130992650985718
24.65762686729431
22.940439224243164
23.2592031955719
23.497626543045044
23.477785348892212
24.016823053359985
23.695704221725464
23.31758737564087
25.508163690567017
24.069655656814575
23.94900870323181
24.35757565498352
24.450839519500732
25.6787326335907
22.807536840438843
24.467756271362305
24.047343254089355
24.032533884048462
25.479249477386475
24.71701169013977
24.57574987411499
23.384125232696533
22.912882566452026
23.057127237319946
24.572054862976074
23.819043397903442
23.636666536331177
24.612208604812622
23.56150722503662
24.81666374206543
24.004007577896118
23.844822883605957
25.30933165550232
23.011220693588257
24.555474996566772
23.87242817878723
24.13969326019287
25.084856033325195
24.17463779449463
22.954615831375122
23.722893476486206
23.032336235046387
24.1901113986969
27.24401593208313
24.9742271900177
25.970526456832886
22.95541787147522
30.60593819618225
23.51640558242798
27.44409704208374
22.665008068084717
30.02077293395996
25.563549518585205
26.35355305671692
23.270918607711792
24.05148434638977
23.295371770858765
24.78364896774292
24.29770803451538
23.517685651779175
23.175501108169556
25.08736300468445
31.123351573944092
22.89489197731018
28.895397186279297
23.206843852996826
29.128844499588013
22.841707706451416
29.786685943603516
25.23964262008667
26.942012310028076
23.20659112930298
28.81626009941101
25.175457239151
23.819190740585327
23.648800373077393
24.41214919090271
24.671671628952026
25.162734031677246
24.24201011657715
22.860097885131836
22.62440061569214
23.592732429504395
31.938872814178467
24.370561838150024
27.864872932434082
24.613956451416016
27.72769522666931
25.70815372467041
26.591437101364136
23.028985738754272
28.61481261253357
