2.7775981426239014
2.3825502395629883
2.6578667163848877
2.254727363586426
2.274400234222412
2.273284673690796
2.2970263957977295
2.3591721057891846
2.3406479358673096
2.303260087966919
2.2869434356689453
2.2534775733947754
2.3267762660980225
2.253635883331299
2.417647361755371
2.309231996536255
2.427114248275757
2.2488298416137695
2.3135898113250732
2.2785630226135254
2.259582042694092
2.2625749111175537
2.2813215255737305
2.232546091079712
2.276196241378784
2.3002424240112305
2.2915732860565186
2.5256075859069824
2.3929738998413086
2.3581063747406006
2.279848337173462
2.3098275661468506
2.2927262783050537
2.304917573928833
2.2715137004852295
2.4154324531555176
2.2950057983398438
2.227823257446289
2.311819553375244
2.4843826293945312
2.486644744873047
2.4096436500549316
2.2868034839630127
2.4583587646484375
2.4912521839141846
2.286912679672241
2.252920389175415
2.310250997543335
2.275534152984619
2.292778968811035
2.300053119659424
2.3074734210968018
2.486255168914795
2.309800386428833
2.346977710723877
2.2996301651000977
2.263892650604248
2.2730212211608887
2.321228265762329
2.2446444034576416
2.3388419151306152
2.317765712738037
2.2457163333892822
2.308345079421997
2.3899996280670166
2.360191822052002
2.3331074714660645
2.280785322189331
2.274916410446167
2.26981782913208
2.2799203395843506
2.3322856426239014
2.310394048690796
2.4803035259246826
2.2917988300323486
2.320828676223755
2.2313072681427
2.3087921142578125
2.345916748046875
2.276352643966675
2.2885026931762695
2.2957520484924316
2.278862953186035
2.327897548675537
2.3046343326568604
2.322908401489258
2.2020316123962402
2.2297582626342773
2.2856154441833496
2.366617441177368
2.2692246437072754
2.3029673099517822
2.3889319896698
2.3116564750671387
2.2787768840789795
2.302774429321289
2.323894500732422
2.254404306411743
2.2775373458862305
2.3166162967681885
2.2412803173065186
2.273861885070801
2.3218915462493896
2.2049343585968018
2.3532330989837646
2.31162691116333
2.297942638397217
2.2938454151153564
2.2320244312286377
2.3443403244018555
2.4100687503814697
2.306577444076538
2.306286573410034
2.2600045204162598
2.3450675010681152
2.3042521476745605
2.4451210498809814
2.2470335960388184
2.260795831680298
2.3034069538116455
2.23883056640625
2.321902275085449
2.235266923904419
2.298497438430786
2.474775552749634
2.3871469497680664
2.3134474754333496
2.2509877681732178
2.333197832107544
2.3207056522369385
2.374880075454712
2.286653995513916
2.2912778854370117
2.5212104320526123
2.309112787246704
2.325303316116333
2.2707884311676025
2.2951276302337646
2.2618961334228516
2.3178791999816895
2.2810046672821045
2.2975013256073
2.261157512664795
2.3295340538024902
2.4201536178588867
2.2506327629089355
2.275851011276245
2.317636013031006
2.3433868885040283
2.3343722820281982
2.3657889366149902
2.3498952388763428
2.340061902999878
2.2996957302093506
2.4208898544311523
2.297685384750366
2.2488532066345215
2.3256783485412598
2.3143563270568848
2.288102388381958
2.3315682411193848
2.2682087421417236
2.2506885528564453
2.3281610012054443
2.295961618423462
2.2963144779205322
2.43245530128479
2.284090518951416
2.296901226043701
2.3016357421875
2.250704288482666
2.3463122844696045
2.4376089572906494
2.2827165126800537
2.3510375022888184
2.258777141571045
2.2548177242279053
2.288628101348877
2.4466652870178223
2.3044161796569824
2.2597930431365967
2.417917013168335
2.3094093799591064
2.2586922645568848
2.2817320823669434
2.3871514797210693
2.2669878005981445
2.2817296981811523
2.2838852405548096
11.956923007965088
2.253481388092041
2.265817880630493
2.3146681785583496
2.3342196941375732
2.296565294265747
2.301114082336426
2.2900948524475098
2.399914503097534
2.6656582355499268
2.2707502841949463
2.6605372428894043
2.3100054264068604
2.3054609298706055
2.31423282623291
2.245703935623169
2.2990882396698
2.264570474624634
2.283552646636963
2.2799088954925537
2.2946043014526367
2.2998194694519043
2.2755050659179688
2.421627998352051
2.252962350845337
2.256481885910034
2.306814193725586
2.2394909858703613
2.2899935245513916
2.382377862930298
2.302321434020996
2.2891082763671875
2.305847406387329
2.280611515045166
2.2957324981689453
2.2714285850524902
2.2917137145996094
2.2915327548980713
2.3261172771453857
2.24556303024292
2.3114352226257324
2.2484681606292725
2.3013687133789062
2.292799234390259
2.2774462699890137
2.2981889247894287
2.3243062496185303
2.3119547367095947
2.2974278926849365
2.305518627166748
2.23712158203125
2.2997448444366455
2.3284120559692383
2.3069818019866943
2.3160367012023926
2.2974233627319336
2.293051242828369
2.2147891521453857
2.3102128505706787
2.3137528896331787
2.288949966430664
2.2539896965026855
2.2323551177978516
2.329911947250366
2.261014223098755
2.2938809394836426
2.2868010997772217
2.3085343837738037
2.31699275970459
2.2874839305877686
2.306971549987793
2.335617780685425
2.303541421890259
2.3762784004211426
2.2633559703826904
2.2571678161621094
2.324481725692749
2.3854129314422607
2.275425910949707
2.308476686477661
2.425255060195923
2.276595115661621
2.2810871601104736
2.3153414726257324
2.2814722061157227
2.2786569595336914
2.3659181594848633
2.2949018478393555
2.390043020248413
2.269320487976074
2.302957773208618
2.2570314407348633
2.323507070541382
2.24045467376709
2.2973134517669678
2.2938802242279053
2.288250684738159
2.2896294593811035
2.253880500793457
2.2950258255004883
2.3154284954071045
2.3002567291259766
2.3117549419403076
2.2915308475494385
2.3093414306640625
2.3721871376037598
2.3083279132843018
2.3098602294921875
2.290437936782837
2.327014207839966
2.2683680057525635
2.3178954124450684
2.297194719314575
2.302485704421997
2.3005754947662354
2.251255989074707
2.2814712524414062
2.2516682147979736
2.374027729034424
2.291459321975708
2.320963144302368
2.2966415882110596
2.2209322452545166
2.334495782852173
2.3003320693969727
2.2825353145599365
2.3312695026397705
2.2975831031799316
2.3122141361236572
2.2852909564971924
2.312263011932373
2.3255131244659424
2.318103313446045
2.378671169281006
2.3153390884399414
2.2669577598571777
2.3215701580047607
2.2424075603485107
2.2878873348236084
2.309633731842041
2.2753562927246094
2.265152931213379
2.237990617752075
2.2888755798339844
2.299863576889038
2.3001201152801514
2.292707681655884
2.281557321548462
2.310441732406616
2.2772018909454346
2.317727565765381
2.3009021282196045
2.2913334369659424
2.3058626651763916
2.250246286392212
12.41080379486084
2.316643714904785
2.2480955123901367
2.3312017917633057
2.306006669998169
2.2619447708129883
2.301880359649658
2.300039291381836
2.370142698287964
2.310882568359375
2.323619842529297
2.2902607917785645
2.301298141479492
2.2571167945861816
2.277250051498413
2.3819901943206787
2.3154351711273193
2.3075151443481445
2.283792018890381
2.2964601516723633
2.2854576110839844
2.2576956748962402
2.2963361740112305
2.303806781768799
2.3348851203918457
2.2951176166534424
2.2326316833496094
2.3523454666137695
2.3076488971710205
2.283421754837036
2.2812159061431885
2.2583067417144775
2.321791172027588
2.337048292160034
2.3284709453582764
2.2957022190093994
2.305501699447632
2.3121066093444824
2.3258886337280273
2.2482187747955322
2.2885172367095947
2.2446839809417725
2.2909724712371826
2.2627005577087402
2.259540319442749
2.2650058269500732
2.269792079925537
2.2938284873962402
2.2867398262023926
2.3184890747070312
2.3187649250030518
2.264498472213745
2.2928690910339355
2.3196420669555664
2.304696798324585
2.276285171508789
2.9287829399108887
2.56166934967041
2.641634225845337
2.597580671310425
2.6051478385925293
2.5823912620544434
2.6078426837921143
2.591818332672119
2.567195177078247
2.569365978240967
2.590625047683716
2.6065430641174316
2.5982556343078613
2.6357617378234863
2.539802074432373
2.5703258514404297
2.5636215209960938
2.571162700653076
2.559596061706543
2.628918409347534
2.5717086791992188
2.5438292026519775
2.6324784755706787
2.6036856174468994
2.5565218925476074
2.6304032802581787
2.6139142513275146
2.6128323078155518
2.62145733833313
2.641817092895508
2.6054091453552246
2.595393180847168
2.596189498901367
2.569124221801758
2.6806998252868652
2.631636619567871
2.5944595336914062
2.5711655616760254
2.6325535774230957
2.5911073684692383
2.5993995666503906
2.645411491394043
2.6430013179779053
2.6267542839050293
2.591862201690674
2.6215715408325195
2.555420398712158
2.5849881172180176
2.5926706790924072
2.584233283996582
2.5893349647521973
2.565974473953247
2.570810556411743
2.598148822784424
2.6195974349975586
2.6010677814483643
2.6004269123077393
2.6335113048553467
2.609414577484131
2.6793413162231445
2.6174185276031494
2.6015396118164062
2.5601582527160645
2.5840041637420654
2.576744556427002
2.621006488800049
2.5594615936279297
2.6181986331939697
2.549534559249878
2.5863382816314697
2.6164615154266357
2.559530019760132
2.5704901218414307
2.5909788608551025
2.5637357234954834
2.564906597137451
2.607861280441284
2.556548595428467
2.580024242401123
2.594621181488037
2.6088154315948486
2.6177475452423096
2.626229763031006
2.6004388332366943
2.580764055252075
2.6537816524505615
2.58772349357605
2.585111618041992
2.5892751216888428
2.650519371032715
2.566094160079956
2.59285306930542
2.589812994003296
2.5910418033599854
2.590639352798462
2.602052927017212
2.6310641765594482
2.603588819503784
2.643343448638916
2.5927493572235107
2.5914790630340576
2.581472635269165
2.5925517082214355
2.5743906497955322
2.6059913635253906
2.568247079849243
2.5997133255004883
2.6021292209625244
2.665156364440918
2.6070384979248047
2.6208314895629883
2.572983980178833
2.6128041744232178
2.6075925827026367
2.6148452758789062
2.6222362518310547
2.6124703884124756
2.5516867637634277
2.617280960083008
2.56170916557312
2.6238718032836914
2.5738539695739746
2.5740911960601807
2.618553876876831
2.6178689002990723
12.334684371948242
2.564434051513672
2.596892833709717
2.5847105979919434
2.5995900630950928
12.76098918914795
2.6100354194641113
2.5873031616210938
2.5552163124084473
2.6012322902679443
2.5926105976104736
2.5932233333587646
2.5962111949920654
2.5663437843322754
2.623594284057617
2.639706611633301
2.57745623588562
2.570939540863037
2.545490264892578
2.617542028427124
2.5355589389801025
2.560863733291626
11.830742835998535
2.580221652984619
2.6244659423828125
2.5731024742126465
2.5684921741485596
2.5691187381744385
2.5854427814483643
2.559953212738037
2.5695879459381104
12.020475149154663
2.5691637992858887
2.6307461261749268
2.5873382091522217
2.5994598865509033
12.72499132156372
2.5912466049194336
2.64860463142395
2.580498695373535
2.5805575847625732
2.608330726623535
2.620453357696533
2.5936923027038574
2.594688653945923
12.445517301559448
2.573936939239502
2.574835777282715
2.6032044887542725
2.6520285606384277
12.255110502243042
2.5615851879119873
2.5781006813049316
2.590363025665283
2.6432981491088867
2.606478214263916
2.5732879638671875
2.587923765182495
2.6100051403045654
2.576643466949463
2.5924460887908936
2.5939345359802246
2.5593814849853516
2.64595103263855
12.640892744064331
2.618401050567627
2.5558433532714844
2.624566078186035
2.563056468963623
12.720576524734497
2.5981075763702393
2.6224217414855957
2.632612705230713
2.5732176303863525
2.6338863372802734
2.4392545223236084
2.2967801094055176
2.3254079818725586
2.275941848754883
2.2344703674316406
2.200467586517334
2.2609221935272217
2.217146635055542
2.2126402854919434
2.2340781688690186
2.23414945602417
2.2715957164764404
2.3194541931152344
2.299394130706787
2.328301191329956
2.1901299953460693
2.1962335109710693
2.2436203956604004
2.2554125785827637
2.25685977935791
2.2966909408569336
2.192121744155884
2.214777946472168
2.338866949081421
2.230990171432495
2.2683944702148438
2.2568256855010986
2.2182083129882812
2.2042489051818848
2.227185010910034
2.233403205871582
2.2090466022491455
2.2637622356414795
2.212946891784668
2.27541184425354
2.2259881496429443
2.2270047664642334
2.207447052001953
2.2269089221954346
2.2916884422302246
2.236239194869995
2.283184766769409
2.2114388942718506
2.2129554748535156
2.2046966552734375
2.276756525039673
2.2051923274993896
2.3002631664276123
2.292635440826416
2.2341725826263428
2.1696555614471436
2.2571797370910645
2.208696126937866
2.2430357933044434
2.2887802124023438
2.332540273666382
2.199951648712158
2.2221603393554688
2.2108514308929443
2.2247979640960693
2.203324794769287
2.215618371963501
2.257755756378174
2.1961467266082764
2.315683364868164
2.230858325958252
2.334649085998535
2.218810558319092
2.2184336185455322
2.24178147315979
2.2702720165252686
2.184075355529785
2.32879638671875
2.2592952251434326
2.281743049621582
2.197516679763794
2.279937744140625
2.2494149208068848
2.208371639251709
2.227342128753662
2.210728168487549
2.2125978469848633
2.224069356918335
2.2225518226623535
2.2004058361053467
2.2887747287750244
2.264817237854004
2.202842950820923
2.3389875888824463
2.2052671909332275
2.2160019874572754
2.2405810356140137
2.2139759063720703
2.192775011062622
2.255636215209961
2.2610228061676025
2.2304248809814453
2.1992948055267334
2.2464842796325684
2.2786219120025635
2.1887588500976562
2.2423555850982666
2.3146371841430664
2.181490421295166
2.2429723739624023
2.198463201522827
2.213150978088379
2.206479072570801
2.22517991065979
2.202700138092041
2.2028727531433105
2.225659132003784
2.2676684856414795
2.21756649017334
2.330317497253418
2.2283689975738525
2.2335777282714844
2.2184107303619385
2.205289602279663
2.228212356567383
2.202950954437256
2.172086477279663
2.342726230621338
2.2215611934661865
2.197392702102661
2.2043375968933105
2.296926259994507
2.214759349822998
2.233419179916382
2.2870726585388184
2.1846182346343994
2.225148916244507
2.230165481567383
2.29402232170105
2.2221741676330566
2.2771642208099365
2.3010690212249756
2.2630858421325684
2.1624929904937744
2.222198963165283
2.2918927669525146
2.2069251537323
2.3159868717193604
2.1941630840301514
2.210714101791382
2.2800750732421875
2.2214112281799316
2.2081656455993652
2.335153102874756
2.204308271408081
2.2144079208374023
2.2153751850128174
2.2106857299804688
2.2991693019866943
2.2001819610595703
2.272287368774414
2.3192667961120605
2.2356247901916504
2.2093329429626465
2.3210437297821045
2.181788206100464
2.29052734375
2.1898844242095947
2.3310868740081787
2.218867301940918
2.2061517238616943
2.277510166168213
2.239126205444336
2.2100915908813477
2.212675094604492
2.1896615028381348
2.199838876724243
2.2311878204345703
2.1961662769317627
2.205732822418213
2.1883416175842285
2.200841188430786
2.2027041912078857
2.2509498596191406
2.3104541301727295
2.2354772090911865
2.266857862472534
2.21467924118042
2.2811574935913086
2.2312304973602295
2.2995622158050537
2.247318744659424
2.215271472930908
2.2742841243743896
2.2007369995117188
2.2320618629455566
2.1762328147888184
12.289812803268433
2.2068734169006348
2.1999895572662354
2.3098549842834473
2.261188507080078
2.2292072772979736
2.2100844383239746
2.2115213871002197
2.7802250385284424
2.250424861907959
2.2069664001464844
2.258730411529541
2.2135419845581055
2.2805352210998535
2.2179744243621826
2.197923183441162
2.1821765899658203
2.220150947570801
2.2337334156036377
2.216810464859009
2.2186264991760254
2.3502111434936523
2.2378478050231934
2.2242257595062256
2.212172031402588
2.1797595024108887
2.233170747756958
2.194641351699829
2.3224120140075684
2.208157777786255
2.3477444648742676
2.304263114929199
2.2570433616638184
2.1655359268188477
2.229259967803955
2.2067079544067383
2.2016854286193848
2.1959378719329834
2.1724326610565186
2.1750268936157227
2.216942548751831
2.196481466293335
2.2666122913360596
2.226444959640503
2.2679977416992188
2.1916487216949463
2.2604660987854004
2.2022435665130615
2.2141971588134766
2.2098190784454346
2.236970901489258
2.2070798873901367
2.1960012912750244
2.2530035972595215
2.2300310134887695
2.3285953998565674
2.2722043991088867
2.249164581298828
2.2063276767730713
2.258248805999756
2.1766183376312256
2.344773769378662
2.2630319595336914
2.213554620742798
2.2171897888183594
2.3577568531036377
2.279463529586792
2.2120678424835205
2.1977555751800537
2.242046356201172
2.20833420753479
2.191302537918091
2.2353644371032715
2.234168291091919
2.2382571697235107
2.1892268657684326
2.2112908363342285
2.1871142387390137
2.3714306354522705
2.250300168991089
2.2690203189849854
2.2656748294830322
2.2202324867248535
2.200711488723755
2.2068605422973633
2.242021322250366
2.2365775108337402
2.2342100143432617
2.2219865322113037
2.234649658203125
2.196683645248413
2.2184839248657227
2.2284417152404785
2.1999504566192627
2.245739459991455
2.2289884090423584
2.244103193283081
2.2395379543304443
2.239872932434082
2.248424530029297
2.228930950164795
2.2595224380493164
2.2341885566711426
2.201478958129883
2.2009592056274414
2.209223747253418
2.333651065826416
2.160407781600952
2.2076416015625
2.228222131729126
2.2062203884124756
2.2592790126800537
2.2400801181793213
2.1877031326293945
2.2302944660186768
2.22878360748291
2.1604959964752197
2.2671639919281006
2.1870462894439697
2.2107763290405273
2.2317068576812744
2.322296380996704
2.208580255508423
2.1969265937805176
2.24153733253479
2.2569727897644043
2.2645864486694336
2.2562074661254883
2.2196874618530273
2.2130789756774902
2.194092035293579
2.2175800800323486
2.2535715103149414
2.211740732192993
2.2189323902130127
2.2306625843048096
2.2115166187286377
2.2008185386657715
2.2692010402679443
2.1916117668151855
2.182586908340454
2.287945508956909
2.23284649848938
2.212887763977051
2.216240882873535
2.2652177810668945
2.2218501567840576
2.1972105503082275
2.220362424850464
2.23525071144104
2.2819721698760986
2.202301263809204
2.178363800048828
2.2189202308654785
2.254563093185425
2.233186721801758
2.282250165939331
2.285431146621704
2.2070071697235107
2.1774210929870605
2.2019460201263428
2.2100114822387695
2.2648003101348877
2.267564296722412
2.2240138053894043
2.233689785003662
2.206392765045166
2.2556345462799072
2.261310338973999
2.202463150024414
2.225707769393921
2.244114398956299
2.1896979808807373
2.201876640319824
2.182108163833618
2.2425782680511475
2.309995651245117
2.2106332778930664
2.2282912731170654
2.2232372760772705
2.186492919921875
2.273318290710449
2.212270736694336
2.204789876937866
2.3219382762908936
2.232370615005493
2.215226650238037
2.189128875732422
2.2570319175720215
2.2049906253814697
2.203251361846924
2.1836447715759277
2.2301065921783447
2.2291462421417236
2.1900346279144287
2.208139419555664
2.2448363304138184
2.2292351722717285
2.2561638355255127
2.2161574363708496
2.346201181411743
2.2319695949554443
2.2244114875793457
2.202531576156616
2.18709135055542
2.234084367752075
2.2800652980804443
2.276533603668213
