1.7410166263580322
1.657634973526001
1.7213716506958008
1.7756431102752686
1.8045933246612549
1.7442290782928467
1.6903555393218994
1.7023398876190186
1.8398544788360596
1.7124171257019043
1.7113730907440186
1.7511513233184814
1.6797003746032715
1.7129483222961426
1.8024694919586182
1.7801527976989746
1.7100927829742432
1.7353029251098633
1.7556445598602295
1.717397689819336
1.7100880146026611
1.7204303741455078
1.8115167617797852
1.714308738708496
1.7359564304351807
1.6994390487670898
1.6601827144622803
1.696298599243164
1.7402076721191406
1.7226569652557373
1.6720342636108398
1.710317850112915
1.7182209491729736
1.7797226905822754
1.7203764915466309
1.7039883136749268
1.7743101119995117
1.7047374248504639
1.781972885131836
1.715810775756836
1.714210033416748
1.7092540264129639
1.7461268901824951
1.7038614749908447
1.6785979270935059
1.7799172401428223
1.7054364681243896
1.7161927223205566
1.6828291416168213
1.6894898414611816
1.7441883087158203
1.666780948638916
1.679917812347412
1.708683967590332
1.7114827632904053
1.7198262214660645
1.7907609939575195
1.7484116554260254
1.7363014221191406
1.7399232387542725
1.7305972576141357
1.7444713115692139
1.722832202911377
1.7009429931640625
1.7222869396209717
1.7612099647521973
1.736046314239502
1.7350249290466309
1.6732275485992432
1.7194194793701172
1.701744556427002
1.7377562522888184
1.736820936203003
1.7159690856933594
1.683048963546753
1.669757604598999
1.7534515857696533
1.8283634185791016
1.6961243152618408
1.701725959777832
1.6749396324157715
1.726839303970337
1.6991448402404785
1.7148396968841553
1.7339439392089844
1.6572577953338623
1.7573552131652832
1.7481019496917725
1.7073297500610352
1.669426441192627
1.6986050605773926
1.6840546131134033
1.7205588817596436
1.7809300422668457
1.662475347518921
1.6880805492401123
1.704345941543579
1.7340471744537354
1.6654176712036133
1.6814641952514648
1.6821129322052002
1.7766892910003662
1.693770408630371
1.7058780193328857
1.73020339012146
1.7009170055389404
1.666024923324585
1.7169151306152344
1.7122092247009277
1.7196359634399414
1.6641676425933838
1.8349249362945557
1.6755738258361816
1.679960012435913
1.7049543857574463
1.879105567932129
1.6586596965789795
1.73970365524292
1.7169249057769775
1.7252466678619385
1.7345128059387207
1.6856989860534668
1.6939127445220947
1.7288587093353271
1.7179243564605713
1.7717266082763672
1.7121429443359375
1.687260389328003
1.6991896629333496
1.6764805316925049
1.7182981967926025
1.6933104991912842
1.7070698738098145
1.7092278003692627
1.715210199356079
1.672823190689087
1.8008100986480713
1.7222371101379395
1.6955101490020752
1.680870771408081
1.7565200328826904
1.680433988571167
1.7372634410858154
1.7695775032043457
1.7649290561676025
1.6645796298980713
1.669687032699585
1.6984405517578125
1.7219648361206055
1.7060692310333252
1.6668779850006104
1.7099761962890625
1.796095848083496
1.6580257415771484
1.6840360164642334
1.7251522541046143
1.7170958518981934
1.76780104637146
1.6637911796569824
1.7879283428192139
1.732659101486206
1.7145912647247314
1.741445541381836
1.7229537963867188
1.749875783920288
1.6603317260742188
1.7374496459960938
1.7236385345458984
1.7790546417236328
1.7235386371612549
1.722853422164917
1.7227692604064941
1.714587926864624
1.732959508895874
1.7320728302001953
1.7585453987121582
1.7289812564849854
1.7166287899017334
1.7431004047393799
1.7224366664886475
1.7480528354644775
1.7596995830535889
1.769174337387085
1.6720657348632812
1.6658225059509277
1.6757068634033203
1.7389225959777832
1.7397205829620361
1.7789530754089355
1.6970369815826416
1.7370929718017578
1.6889312267303467
1.7038676738739014
1.706343412399292
1.6900672912597656
1.6636970043182373
1.6905608177185059
1.7155652046203613
1.7171204090118408
1.726768970489502
2.325321912765503
2.337932825088501
2.421579360961914
2.327000141143799
2.2743875980377197
2.3693528175354004
2.4022557735443115
2.4211745262145996
2.332568883895874
2.350517749786377
2.285867929458618
2.261888265609741
2.399521827697754
2.3674075603485107
2.2319631576538086
2.331214666366577
2.6054234504699707
2.3328254222869873
2.398777484893799
2.2543740272521973
2.386746883392334
2.44248104095459
2.360872745513916
2.268590211868286
2.293888568878174
2.3480992317199707
2.2954306602478027
2.2596969604492188
2.3077285289764404
2.308969736099243
2.2964084148406982
2.2407875061035156
2.2623565196990967
2.4096765518188477
2.2566094398498535
2.305689573287964
2.3229095935821533
2.241441011428833
2.2959046363830566
2.529940366744995
2.293971061706543
2.293397903442383
2.346113920211792
2.3634238243103027
2.3709542751312256
2.2707111835479736
2.2527124881744385
2.3064050674438477
2.2686896324157715
2.3415424823760986
2.3508379459381104
2.3652896881103516
2.3645052909851074
2.2567317485809326
2.3595733642578125
2.3981306552886963
2.2509548664093018
2.271728992462158
2.4465746879577637
2.3262062072753906
2.379119396209717
2.3611178398132324
2.386653423309326
2.3322536945343018
2.3041865825653076
2.32025146484375
2.2794699668884277
2.2521936893463135
2.3878049850463867
2.372828960418701
2.3257031440734863
2.3457181453704834
2.615926742553711
2.3362059593200684
2.3426284790039062
2.3497602939605713
2.3221969604492188
2.3790946006774902
2.376882553100586
2.253789186477661
2.426459550857544
2.34780216217041
2.249727725982666
2.341477394104004
2.34049916267395
2.2742843627929688
2.452995777130127
2.307471990585327
2.3734493255615234
2.4566004276275635
2.298903465270996
2.306079149246216
2.354722023010254
2.341858148574829
2.2472052574157715
2.3116044998168945
2.2904157638549805
2.3377230167388916
2.3522021770477295
2.377129077911377
2.303905487060547
2.344754219055176
2.3251149654388428
2.258629560470581
2.320603370666504
2.3565545082092285
2.2915310859680176
2.493741512298584
2.3843860626220703
2.245126724243164
2.464285135269165
2.3699514865875244
2.2666640281677246
2.2885801792144775
2.3586368560791016
2.348104953765869
2.2840487957000732
2.3495032787323
2.341749668121338
2.3493833541870117
2.3203229904174805
2.298858165740967
2.4588749408721924
2.2906899452209473
2.3263416290283203
2.304304838180542
2.4490859508514404
2.323775053024292
2.2866060733795166
2.3991782665252686
2.4262356758117676
2.2978053092956543
2.448066473007202
2.4107179641723633
2.4128875732421875
2.3560075759887695
2.312138795852661
2.416520833969116
2.41662859916687
2.4222359657287598
2.361025094985962
2.2626256942749023
2.504638910293579
2.3724567890167236
2.328059196472168
2.2542917728424072
2.277182102203369
2.3571081161499023
2.3746440410614014
2.2954821586608887
2.277869701385498
2.414562940597534
2.3797757625579834
2.346388816833496
2.2701544761657715
2.296808958053589
2.3542208671569824
2.278820037841797
2.2660281658172607
2.360138416290283
2.312795400619507
2.2506916522979736
2.3641064167022705
2.309279203414917
2.2554852962493896
2.236814260482788
2.2768659591674805
2.293473958969116
2.4082372188568115
2.259073257446289
2.4003803730010986
2.3540117740631104
2.3965020179748535
2.3719184398651123
2.3906588554382324
2.3134312629699707
2.2854292392730713
2.3025732040405273
2.2655818462371826
2.476025104522705
2.372436285018921
2.275753974914551
2.292572498321533
2.31247878074646
2.2982571125030518
2.316889524459839
2.4179491996765137
2.427449941635132
2.318118095397949
2.3714261054992676
2.2610278129577637
2.3686540126800537
2.3425047397613525
2.277726888656616
2.3977293968200684
2.3553948402404785
2.2467753887176514
2.241701602935791
2.2743237018585205
2.245453119277954
3.002295732498169
3.0182602405548096
2.995274305343628
2.9637949466705322
3.154806613922119
2.9781882762908936
2.9574058055877686
2.9822490215301514
3.0086116790771484
2.9520742893218994
2.936595916748047
2.9812045097351074
2.984894037246704
3.0155751705169678
3.0133371353149414
3.0195910930633545
3.0085067749023438
2.9724068641662598
2.9711356163024902
2.9822685718536377
2.958371162414551
3.014774799346924
3.014411211013794
3.024468421936035
3.038426637649536
2.9919588565826416
2.9565162658691406
3.023249626159668
2.961793899536133
2.951308250427246
2.940671920776367
2.962869644165039
3.0166051387786865
2.9928348064422607
2.9780945777893066
3.021294593811035
3.169466257095337
2.997760534286499
2.975661039352417
2.9893312454223633
2.976840019226074
2.9848549365997314
2.9727942943573
3.0259344577789307
3.0073132514953613
2.9670028686523438
2.965590000152588
3.020878553390503
3.0083887577056885
3.0117578506469727
2.999025821685791
2.9900460243225098
2.9228177070617676
3.0278797149658203
2.994812250137329
3.009760618209839
2.990614175796509
3.027574062347412
3.0254411697387695
2.9898831844329834
3.0187904834747314
3.005704879760742
3.026578664779663
2.96751070022583
2.9796268939971924
2.978273391723633
2.992593288421631
3.0747761726379395
3.0475659370422363
3.000577688217163
2.984247922897339
3.024017333984375
2.9900081157684326
3.019193410873413
3.016327381134033
3.0188562870025635
3.043663263320923
3.0542399883270264
2.9817862510681152
3.01830792427063
3.0264487266540527
3.007091999053955
3.044412612915039
3.006528615951538
2.9900426864624023
3.0084478855133057
3.024073839187622
2.997804880142212
3.036961793899536
2.97239089012146
3.05855131149292
3.0707266330718994
2.9688332080841064
2.953686475753784
3.00643253326416
2.9406063556671143
3.0256690979003906
2.978351354598999
2.9696977138519287
2.9853246212005615
2.9809465408325195
3.0745761394500732
3.021106719970703
3.0487165451049805
2.933722972869873
3.032001495361328
2.940302610397339
3.0203545093536377
2.977308750152588
3.035576820373535
3.012516975402832
3.023714065551758
2.9935545921325684
2.984492063522339
2.9728803634643555
3.084075689315796
3.0524520874023438
3.0347652435302734
2.9760289192199707
3.037409543991089
3.0717246532440186
2.9967808723449707
2.9646224975585938
3.022670269012451
3.042978525161743
2.949004650115967
2.956247329711914
3.003758668899536
2.9481091499328613
2.9534127712249756
3.037186861038208
3.055373430252075
2.987917184829712
3.0681135654449463
2.984853506088257
2.9705443382263184
3.040592670440674
2.9254746437072754
2.947150945663452
3.008207321166992
13.162010669708252
2.9775736331939697
2.983165979385376
2.994988441467285
2.966575860977173
3.0384469032287598
3.01139497756958
3.031834602355957
2.996270179748535
3.027829170227051
3.016702890396118
3.0085372924804688
3.013200044631958
3.0112557411193848
3.0107271671295166
3.007692575454712
3.0081160068511963
3.0193536281585693
3.056379556655884
2.958073377609253
3.011632204055786
3.0214133262634277
2.950366497039795
2.9682321548461914
2.9770960807800293
3.037121534347534
3.0025389194488525
2.982583522796631
3.0163965225219727
3.0186638832092285
2.9515938758850098
2.9420838356018066
3.0032029151916504
2.9621849060058594
2.9812138080596924
2.9891133308410645
2.98968243598938
2.959303379058838
3.037388563156128
3.009408712387085
2.9876279830932617
2.997986316680908
2.9662153720855713
3.000068187713623
2.9583451747894287
2.9655771255493164
3.04577374458313
2.997272253036499
3.0010769367218018
3.002214193344116
2.9910480976104736
3.0269668102264404
3.020756959915161
2.9921300411224365
2.9874749183654785
2.9823052883148193
3.0314455032348633
2.998624086380005
2.964893341064453
2.945343017578125
2.2695424556732178
2.247731924057007
2.320645332336426
2.2635984420776367
2.3070805072784424
2.3140337467193604
2.302103281021118
2.366314649581909
2.2517244815826416
2.268526315689087
2.2320895195007324
2.284637451171875
2.2360568046569824
2.3172988891601562
2.2517058849334717
2.2860660552978516
2.2336928844451904
2.2936811447143555
2.300227403640747
2.2669689655303955
2.2790303230285645
2.310359239578247
2.2768030166625977
2.238787889480591
2.284212350845337
2.2992889881134033
2.3367955684661865
2.2472658157348633
2.3062801361083984
2.264803647994995
2.2800159454345703
2.2995715141296387
2.325007200241089
2.3048810958862305
2.290266513824463
2.367976188659668
2.2570760250091553
2.3360595703125
2.2460319995880127
2.2734835147857666
2.303196907043457
2.289825201034546
2.2898027896881104
2.2891454696655273
2.340580701828003
2.334275245666504
2.3153438568115234
2.215388536453247
2.2851130962371826
2.252434015274048
2.26507830619812
2.241797685623169
2.262603759765625
2.2668628692626953
2.244662284851074
2.3160107135772705
2.2482669353485107
2.3015034198760986
2.280876874923706
2.323803663253784
2.285629987716675
2.2885184288024902
2.2901952266693115
2.2554068565368652
2.3333356380462646
2.2562406063079834
2.26682710647583
2.29266095161438
2.300266981124878
2.3177897930145264
2.3381783962249756
2.382423162460327
2.2662291526794434
2.353247880935669
2.2842977046966553
2.2962119579315186
2.285571813583374
2.2731711864471436
2.2606494426727295
2.256971597671509
2.2824676036834717
2.24642276763916
2.2800068855285645
2.270374298095703
2.313356399536133
2.2217836380004883
2.3081870079040527
2.29110050201416
2.2315266132354736
2.229731798171997
2.290675401687622
2.2851722240448
2.2622618675231934
2.2640504837036133
2.3196887969970703
2.2910563945770264
2.25211238861084
2.302460193634033
2.240446090698242
2.2840702533721924
2.282552719116211
2.313420534133911
2.269098997116089
2.2436280250549316
2.294966697692871
2.2903549671173096
2.2646074295043945
2.2663698196411133
2.2637581825256348
2.221273183822632
2.2800240516662598
2.2757277488708496
2.298738479614258
2.245924472808838
2.324242115020752
2.307795763015747
2.259690523147583
2.3564772605895996
2.2343499660491943
2.296107292175293
2.2589521408081055
2.279924154281616
2.3137056827545166
2.292792558670044
2.2562382221221924
2.2865145206451416
2.275822877883911
2.2851932048797607
2.2541215419769287
2.2896199226379395
2.2939345836639404
2.3160369396209717
2.287437915802002
2.2851898670196533
2.316197633743286
2.2964701652526855
2.2708628177642822
2.2772367000579834
2.2618839740753174
2.4107508659362793
2.3125112056732178
2.26942777633667
2.2592740058898926
2.320661783218384
2.2707741260528564
2.2956364154815674
2.313065528869629
2.262007236480713
2.2949957847595215
2.309225082397461
2.2967705726623535
2.311920166015625
2.266848564147949
2.3776912689208984
2.2458603382110596
2.2858550548553467
2.2702927589416504
2.304234027862549
2.275681972503662
2.313974618911743
2.306821346282959
2.306102991104126
2.357079267501831
2.303525924682617
2.2505545616149902
2.2864227294921875
2.348139762878418
2.313325881958008
2.2333669662475586
2.341261148452759
2.2686660289764404
2.3117213249206543
12.376257181167603
2.2278106212615967
2.2567336559295654
2.2793612480163574
2.2667369842529297
2.2588207721710205
2.2433013916015625
2.316776990890503
2.2551376819610596
2.3366293907165527
2.3663015365600586
2.321165084838867
2.3230600357055664
2.285067081451416
2.292969226837158
2.3399291038513184
2.296849489212036
2.2469003200531006
2.2761263847351074
2.241884231567383
2.2676992416381836
2.393265962600708
2.327040195465088
2.2595179080963135
2.265361785888672
2.282175302505493
2.3000152111053467
2.2834784984588623
2.2924773693084717
2.2636146545410156
2.262188196182251
2.303391456604004
2.263690948486328
2.2982168197631836
2.2866668701171875
2.2781009674072266
2.2935593128204346
2.285102605819702
2.297121047973633
2.2776408195495605
2.2894883155822754
2.266803741455078
2.352919578552246
2.2854104042053223
2.325045347213745
2.2995505332946777
2.287853240966797
2.271338701248169
2.23785138130188
2.2484915256500244
2.2832744121551514
2.2247915267944336
2.28718638420105
2.283277750015259
2.2786786556243896
2.2836790084838867
2.3320956230163574
2.2580084800720215
2.2676286697387695
2.2640669345855713
2.303112506866455
2.2717177867889404
2.2681164741516113
2.2750327587127686
2.249849319458008
2.2543671131134033
2.2548346519470215
2.2419378757476807
2.284166097640991
2.256343126296997
2.2871153354644775
2.322904348373413
2.2641234397888184
2.2899513244628906
2.31990909576416
2.285893440246582
2.2644994258880615
2.273796558380127
2.2873189449310303
2.2862069606781006
2.2723443508148193
2.284410238265991
2.2829461097717285
2.276893377304077
2.287611961364746
2.31134295463562
2.2847297191619873
2.2537901401519775
2.2743818759918213
2.2833774089813232
2.270197868347168
2.264646053314209
2.278773784637451
2.306159019470215
2.3069567680358887
2.2733237743377686
2.361921548843384
2.260727643966675
2.2684459686279297
2.2823963165283203
2.3016903400421143
2.282559394836426
2.256743907928467
2.3077468872070312
2.3090450763702393
2.245715618133545
2.253085136413574
2.300278425216675
2.278127431869507
2.2698593139648438
2.2425596714019775
2.3153436183929443
2.2990565299987793
2.2577006816864014
2.2759041786193848
2.2552437782287598
2.3333740234375
2.284893035888672
2.325019359588623
2.2708332538604736
2.2430646419525146
2.2835471630096436
2.338529348373413
2.2821288108825684
2.2592291831970215
2.2935638427734375
2.293377161026001
2.2642130851745605
2.2881925106048584
2.269660234451294
2.282820463180542
2.268735408782959
2.29298996925354
2.2949321269989014
2.286983013153076
2.284480571746826
2.300374984741211
2.3066012859344482
2.2948861122131348
2.2789385318756104
2.264832019805908
2.262786388397217
2.277268171310425
2.2588751316070557
2.261065721511841
2.2754294872283936
2.2833094596862793
2.349670171737671
2.2757582664489746
2.335465669631958
2.2789909839630127
2.2995517253875732
2.274663209915161
2.293461799621582
2.258622407913208
2.2685353755950928
2.289461612701416
2.293804883956909
2.293452024459839
2.268130302429199
2.254413604736328
2.3220572471618652
2.2804856300354004
2.273625373840332
2.291783571243286
2.291726589202881
2.2848403453826904
2.2804415225982666
2.2920331954956055
2.300105333328247
2.280770778656006
2.3100216388702393
2.2632129192352295
2.285555362701416
2.3309240341186523
2.2655138969421387
2.3484578132629395
2.254293203353882
2.328089475631714
2.2581984996795654
2.249241828918457
2.3379502296447754
2.290386915206909
2.3085312843322754
2.311835289001465
2.2877609729766846
2.3350205421447754
2.291033983230591
2.302466869354248
2.2998642921447754
2.246960401535034
2.2615182399749756
2.223177194595337
2.304633140563965
2.270514726638794
2.2272794246673584
2.331998825073242
2.2383015155792236
2.307284355163574
2.260308265686035
2.228411912918091
2.2998592853546143
2.3098623752593994
2.269026279449463
2.274608850479126
2.336488723754883
2.3077147006988525
2.293466806411743
2.2853288650512695
2.283522129058838
2.2945773601531982
2.331353187561035
2.313965320587158
2.2805192470550537
2.300199270248413
2.2931742668151855
2.236675262451172
2.3089118003845215
2.271749973297119
2.265692710876465
2.2391209602355957
2.293607234954834
2.2897748947143555
2.368807792663574
2.3065874576568604
2.3224518299102783
2.306945562362671
2.262570858001709
