0.34989047050476074
0.30496859550476074
0.3394644260406494
0.3712327480316162
0.3176453113555908
0.3422558307647705
0.32956528663635254
0.3326447010040283
0.36510753631591797
0.34830784797668457
0.35657238960266113
0.3469533920288086
0.3439631462097168
0.33963871002197266
0.37144994735717773
0.3239428997039795
0.34389734268188477
0.3297905921936035
0.3381233215332031
0.3126640319824219
0.3306243419647217
0.3692588806152344
0.296459436416626
0.3260049819946289
0.32415223121643066
0.3431546688079834
0.35217857360839844
0.36487913131713867
0.36675024032592773
0.3231184482574463
0.3349955081939697
0.33817315101623535
0.3181300163269043
0.3152430057525635
0.3166954517364502
0.3673746585845947
0.35333800315856934
0.3361504077911377
0.34294605255126953
0.34314894676208496
0.3497123718261719
0.3298478126525879
0.3488888740539551
0.3299238681793213
0.3568105697631836
0.3942899703979492
0.34268760681152344
0.3381059169769287
0.2603421211242676
0.34483957290649414
0.34298229217529297
0.3310282230377197
0.33036375045776367
0.317152738571167
0.3621032238006592
0.34850239753723145
0.35974812507629395
0.3079233169555664
0.34467029571533203
0.34244227409362793
0.38318300247192383
0.373476505279541
0.3150477409362793
0.33757662773132324
0.3469107151031494
0.3320643901824951
0.3566603660583496
0.3229658603668213
0.3495340347290039
0.36468005180358887
0.33145570755004883
0.32550811767578125
0.3710498809814453
0.33327698707580566
0.3596487045288086
0.34746313095092773
0.3616776466369629
0.3624720573425293
0.3217580318450928
0.32303285598754883
0.33547091484069824
0.3698008060455322
0.3606150150299072
0.35700535774230957
0.3414013385772705
0.35772132873535156
0.3692035675048828
0.3486480712890625
0.3412778377532959
0.3386514186859131
0.3383901119232178
0.33371496200561523
0.37011027336120605
0.35065364837646484
0.34610772132873535
0.2786262035369873
0.3423275947570801
0.36572861671447754
0.35051560401916504
0.33135533332824707
0.27693891525268555
0.35784387588500977
0.34301328659057617
0.3667879104614258
0.32392406463623047
0.3134653568267822
0.3327932357788086
0.32935070991516113
0.3635683059692383
0.3393368721008301
0.3795156478881836
0.3160834312438965
0.33112072944641113
0.3191072940826416
0.3744487762451172
0.3995349407196045
0.3323521614074707
0.3196220397949219
0.3477137088775635
0.31774187088012695
0.3486762046813965
0.3591957092285156
0.3397657871246338
0.34812355041503906
0.3562791347503662
0.35366320610046387
0.31716203689575195
0.34228014945983887
0.3183567523956299
0.357804536819458
0.3597850799560547
0.32285618782043457
0.31444215774536133
0.35924506187438965
0.3180398941040039
0.3238809108734131
0.3066380023956299
0.35912442207336426
0.30092954635620117
0.3198888301849365
0.3332245349884033
0.3660719394683838
0.3349301815032959
0.33572983741760254
0.3608980178833008
0.3436903953552246
0.32839107513427734
0.34174418449401855
0.3584287166595459
0.34671592712402344
0.3468468189239502
0.3382112979888916
0.32880473136901855
0.32526397705078125
0.345550537109375
0.31944990158081055
0.33222126960754395
0.33786821365356445
0.31559157371520996
0.3664677143096924
0.3287370204925537
0.34925341606140137
0.3419339656829834
0.34400248527526855
0.3349339962005615
0.31514906883239746
0.35285162925720215
0.36292576789855957
0.37072181701660156
0.32778501510620117
0.36670708656311035
0.33474183082580566
0.33598756790161133
0.3274657726287842
0.36744236946105957
0.32285332679748535
0.3574533462524414
0.3228311538696289
0.3615868091583252
0.35339784622192383
0.35007500648498535
0.3268749713897705
0.3819773197174072
0.33754801750183105
0.3663625717163086
0.3518199920654297
0.3394763469696045
0.3303999900817871
0.317706823348999
0.35553479194641113
0.3447716236114502
0.3464174270629883
0.31989526748657227
0.3366689682006836
0.3273618221282959
0.3107600212097168
0.3302886486053467
0.37244677543640137
0.3599967956542969
0.36953115463256836
0.30849599838256836
0.31925177574157715
0.3294367790222168
0.29287004470825195
0.3120596408843994
0.29135847091674805
0.33901000022888184
0.2852022647857666
0.2909383773803711
0.3193812370300293
0.31630635261535645
0.34518861770629883
0.2873811721801758
0.2982747554779053
0.2816352844238281
0.29456138610839844
0.3279592990875244
0.2890188694000244
0.3188169002532959
0.2838618755340576
0.29155802726745605
0.2868349552154541
0.28929877281188965
0.34891676902770996
0.2943911552429199
0.29869699478149414
0.33640265464782715
0.32101869583129883
0.29019856452941895
0.3230733871459961
0.34801697731018066
0.2916715145111084
0.313798189163208
0.2995631694793701
0.2861475944519043
0.2917289733886719
0.28293371200561523
0.33023953437805176
0.28476977348327637
0.3353149890899658
0.3194007873535156
0.3547196388244629
0.3003425598144531
0.29360151290893555
0.2840385437011719
0.29700493812561035
0.30460548400878906
0.2888789176940918
0.30565786361694336
0.2865760326385498
0.3044240474700928
0.2982168197631836
0.3205604553222656
0.32884764671325684
0.33075666427612305
0.3024876117706299
0.2900068759918213
0.2959275245666504
0.30120277404785156
0.2889871597290039
0.31842851638793945
0.29688215255737305
0.2891983985900879
0.3087499141693115
0.2892794609069824
0.27960991859436035
0.286165714263916
0.2858133316040039
0.3062725067138672
0.30831480026245117
0.31627631187438965
0.291165828704834
0.2922852039337158
0.29805755615234375
0.2870140075683594
0.31661248207092285
0.2902534008026123
0.3307647705078125
0.28877878189086914
0.29331421852111816
0.2875406742095947
0.3062934875488281
0.35444140434265137
0.28618288040161133
0.323192834854126
0.28870582580566406
0.2942228317260742
0.2946600914001465
0.3002610206604004
0.3184223175048828
0.2879021167755127
0.3020470142364502
0.28717827796936035
0.29680323600769043
0.3269174098968506
0.2990224361419678
0.333359956741333
0.28045153617858887
0.3042120933532715
0.2888307571411133
0.31452417373657227
0.3281219005584717
0.286470890045166
0.28821301460266113
0.2815828323364258
0.28691935539245605
0.28277158737182617
0.29796934127807617
0.2834911346435547
0.2970125675201416
0.29837918281555176
0.3119688034057617
0.29380202293395996
0.30550146102905273
0.2884972095489502
0.31830739974975586
0.2917313575744629
0.3026845455169678
0.5518763065338135
0.2912111282348633
0.29488205909729004
0.28826212882995605
0.2905433177947998
0.32574033737182617
0.28739428520202637
0.2933638095855713
0.30107998847961426
0.29199647903442383
0.3370983600616455
0.2824842929840088
0.2892155647277832
0.2856583595275879
0.2894880771636963
0.35669398307800293
0.2920551300048828
0.31577205657958984
0.28789424896240234
0.3081645965576172
0.3407142162322998
0.2841668128967285
0.29169631004333496
0.31763148307800293
0.2819085121154785
0.3323357105255127
0.29109692573547363
0.28947949409484863
0.3711996078491211
0.2949535846710205
0.28491711616516113
0.29314231872558594
0.29355788230895996
0.2821638584136963
0.29029321670532227
0.30122876167297363
0.2970895767211914
0.28375983238220215
0.2868788242340088
0.28576016426086426
0.28810572624206543
0.3232600688934326
0.29067230224609375
0.313981294631958
0.28436279296875
0.2908303737640381
0.30858492851257324
0.33336496353149414
0.30089449882507324
0.31959962844848633
0.2913804054260254
0.3587653636932373
0.2900078296661377
0.28502798080444336
0.33952927589416504
0.2893970012664795
0.29776716232299805
0.28870701789855957
0.2869734764099121
0.3324880599975586
0.31759190559387207
0.3061959743499756
0.28798842430114746
0.29470038414001465
0.29537129402160645
0.2838294506072998
0.3045213222503662
0.32799243927001953
0.2929415702819824
0.2931027412414551
0.3103015422821045
0.3006584644317627
0.34755682945251465
0.30263471603393555
0.29296231269836426
0.29305171966552734
0.2858009338378906
0.2838892936706543
0.2889370918273926
0.303225040435791
0.2947988510131836
0.2831711769104004
0.37914299964904785
0.36549925804138184
0.39206647872924805
0.4041261672973633
0.3799149990081787
0.3875601291656494
0.36725878715515137
0.3636186122894287
0.36035799980163574
0.37140989303588867
0.3412492275238037
0.3486182689666748
0.36298322677612305
0.39119625091552734
0.377427339553833
0.36010050773620605
0.3664836883544922
0.3471641540527344
0.3707106113433838
0.36018896102905273
0.3838369846343994
0.35681843757629395
0.39632272720336914
0.40366530418395996
0.38942766189575195
0.3731577396392822
0.37961721420288086
0.39348816871643066
0.374957799911499
0.35180234909057617
0.3618309497833252
0.42130279541015625
0.39486074447631836
0.37555360794067383
0.34560298919677734
0.3946645259857178
0.3791232109069824
0.3887059688568115
0.39530086517333984
0.3721468448638916
0.34109044075012207
0.4080617427825928
0.37199974060058594
0.3572220802307129
0.3548929691314697
0.3685793876647949
0.36229634284973145
0.36209917068481445
0.36137986183166504
0.37520432472229004
0.35979175567626953
0.38061952590942383
0.3572251796722412
0.367321252822876
0.3574542999267578
0.3865973949432373
0.3878448009490967
0.3861382007598877
0.336517333984375
0.3778989315032959
0.3571460247039795
0.38809633255004883
0.3875126838684082
0.3564934730529785
0.39842724800109863
0.3830294609069824
0.3706471920013428
0.35317301750183105
0.37697887420654297
0.37355780601501465
0.36627769470214844
0.3922901153564453
0.3627591133117676
0.36824917793273926
0.359844446182251
0.3774986267089844
0.3588402271270752
0.3891162872314453
0.39020872116088867
0.33617401123046875
0.40479516983032227
0.3645622730255127
0.3808250427246094
0.35170674324035645
0.392791748046875
0.36728978157043457
0.37199854850769043
0.38770580291748047
0.3715336322784424
0.3699066638946533
0.3518686294555664
0.3528895378112793
0.3448019027709961
0.3619656562805176
0.36826133728027344
0.38669776916503906
0.360567569732666
0.3400568962097168
0.36271238327026367
0.3722810745239258
0.37734365463256836
0.37972116470336914
0.36919403076171875
0.35915541648864746
0.36313319206237793
0.38073205947875977
0.35367655754089355
0.3837873935699463
0.36457324028015137
0.37543416023254395
0.35053586959838867
0.3564739227294922
0.3816409111022949
0.35846710205078125
0.38016390800476074
0.36454010009765625
0.4021620750427246
0.369976282119751
0.34362173080444336
0.3582296371459961
0.342360258102417
0.36829304695129395
0.3860001564025879
0.3396294116973877
0.39859461784362793
0.36732006072998047
0.38868188858032227
0.3769097328186035
0.37737464904785156
0.3725748062133789
0.374783992767334
0.3441908359527588
0.3984088897705078
0.3590221405029297
0.3968372344970703
0.3839104175567627
0.36626291275024414
0.3865318298339844
0.38669562339782715
0.3481435775756836
0.36912012100219727
0.37102484703063965
0.36046385765075684
0.3870704174041748
0.35837578773498535
0.36266326904296875
0.39292383193969727
0.3558051586151123
0.388516902923584
0.38007330894470215
0.36687541007995605
0.40316295623779297
0.37277936935424805
0.3727536201477051
0.3554356098175049
0.3591279983520508
0.41278553009033203
0.33594799041748047
0.37897801399230957
0.3881251811981201
0.36540770530700684
0.38012003898620605
0.3526010513305664
0.39179491996765137
0.3557608127593994
0.3677988052368164
0.3794381618499756
0.37613654136657715
0.3683338165283203
0.37250542640686035
0.3989717960357666
0.37566208839416504
0.3717525005340576
0.38974714279174805
0.36383485794067383
0.3621840476989746
0.38754987716674805
0.3880128860473633
0.3602285385131836
0.39134788513183594
0.3587782382965088
0.3675265312194824
0.3802192211151123
0.36545372009277344
0.3548734188079834
0.3566608428955078
0.35483551025390625
0.37572479248046875
0.37731432914733887
0.3818821907043457
0.3735225200653076
0.37287259101867676
0.3582580089569092
0.37635326385498047
0.3701634407043457
0.365947961807251
0.35587024688720703
0.39702892303466797
0.34100914001464844
0.40865612030029297
0.28267860412597656
0.27756381034851074
0.2813987731933594
0.27934837341308594
0.28038883209228516
0.2807791233062744
0.2850642204284668
0.28430867195129395
0.2683064937591553
0.27891087532043457
0.28679823875427246
0.27208518981933594
0.28034377098083496
0.2793118953704834
0.2867603302001953
0.2805054187774658
0.2813115119934082
0.28911685943603516
0.275909423828125
0.2823615074157715
0.28688931465148926
0.2769317626953125
0.2782742977142334
0.2775840759277344
0.27463865280151367
0.29019689559936523
0.2791106700897217
0.2831425666809082
0.2756311893463135
0.27639174461364746
0.27445125579833984
0.27942633628845215
0.2784407138824463
0.27292370796203613
0.27858734130859375
0.27728939056396484
0.27176809310913086
0.27723240852355957
0.2791309356689453
0.2669851779937744
0.2733428478240967
0.2738683223724365
0.27205824851989746
0.28493428230285645
0.27407145500183105
0.27953052520751953
0.2807352542877197
0.27741360664367676
0.2842526435852051
0.29265475273132324
0.27886295318603516
0.27306056022644043
0.28249025344848633
0.2747185230255127
0.2772791385650635
0.28348231315612793
0.27210426330566406
0.2741560935974121
0.27751660346984863
0.27242445945739746
0.2845737934112549
0.28253746032714844
0.2796788215637207
0.2789459228515625
0.27897024154663086
0.27492618560791016
0.2851846218109131
0.28324198722839355
0.28322577476501465
0.2761707305908203
0.2726614475250244
0.27965688705444336
0.27498745918273926
0.28106260299682617
0.28118252754211426
0.27806639671325684
0.2829124927520752
0.27669525146484375
0.2774031162261963
0.2840092182159424
0.27785825729370117
0.277691125869751
0.27608561515808105
0.27556514739990234
0.28327441215515137
0.27896571159362793
0.27802109718322754
0.28765225410461426
0.2782251834869385
0.2751145362854004
0.27704358100891113
0.27652931213378906
0.2821316719055176
0.2670130729675293
0.28554749488830566
0.2797892093658447
0.28107118606567383
0.2769348621368408
0.2757995128631592
0.2778158187866211
0.27117156982421875
0.28040099143981934
0.2850463390350342
0.27858614921569824
0.2787928581237793
0.27593994140625
0.27657175064086914
0.2799379825592041
0.2893409729003906
0.2748136520385742
0.2813708782196045
0.2795681953430176
0.2765669822692871
0.29265546798706055
0.27871227264404297
0.2800877094268799
0.2790720462799072
0.27928757667541504
0.2788817882537842
0.2797515392303467
0.28112101554870605
0.2723085880279541
0.286510705947876
0.2804546356201172
0.2839035987854004
0.2802715301513672
0.28362321853637695
0.28388285636901855
0.2747180461883545
0.2852356433868408
0.28183841705322266
0.28338003158569336
0.2750108242034912
0.2763833999633789
0.27856922149658203
0.2749345302581787
0.2812070846557617
0.28472208976745605
0.2779994010925293
0.2850499153137207
0.27542591094970703
0.2787516117095947
0.28220105171203613
0.2785525321960449
0.27457737922668457
0.27697205543518066
0.2876906394958496
0.28078556060791016
0.2772994041442871
0.28600120544433594
0.2777993679046631
0.2751469612121582
0.2770853042602539
0.2836642265319824
0.28214526176452637
0.2866048812866211
0.2800722122192383
0.2870943546295166
0.28362345695495605
0.28381776809692383
0.2712223529815674
0.28728556632995605
0.28270697593688965
0.2818119525909424
0.27868199348449707
0.2741377353668213
0.28087329864501953
0.2776315212249756
0.27412986755371094
0.28139829635620117
0.2728240489959717
0.27696704864501953
0.28148698806762695
0.27342987060546875
0.2799866199493408
0.2799689769744873
0.27816009521484375
0.30701565742492676
0.27655768394470215
0.28206729888916016
0.2836484909057617
0.2760734558105469
0.27878665924072266
0.28090834617614746
0.28539323806762695
0.2768537998199463
0.28048229217529297
0.2721409797668457
0.2725529670715332
0.2773454189300537
0.2790513038635254
0.2791872024536133
0.27776527404785156
0.27777600288391113
0.28386998176574707
0.2822906970977783
0.27926063537597656
0.27895116806030273
0.28214335441589355
0.27426815032958984
0.45395874977111816
0.34973764419555664
0.36499619483947754
0.367229700088501
0.35439181327819824
0.3596174716949463
0.36554574966430664
0.3580639362335205
0.3520925045013428
0.3560805320739746
0.3574199676513672
0.3547489643096924
0.35637593269348145
0.3490757942199707
0.35795021057128906
0.35810041427612305
0.35085105895996094
0.34656357765197754
0.35651469230651855
0.349029541015625
0.36792540550231934
0.3538353443145752
0.35674214363098145
0.3624556064605713
0.34833431243896484
0.347719669342041
0.34311747550964355
0.3523235321044922
0.3605921268463135
0.35897016525268555
0.3561708927154541
0.34478020668029785
0.3735175132751465
0.3512277603149414
0.35682249069213867
0.3435988426208496
0.3636205196380615
0.3436760902404785
0.3564438819885254
0.3431410789489746
0.3442859649658203
0.34326839447021484
0.3561859130859375
0.34022045135498047
0.3522171974182129
0.35198187828063965
0.34211230278015137
0.3532378673553467
0.36742663383483887
0.33662867546081543
0.3552968502044678
0.348477840423584
0.3612234592437744
0.3439185619354248
0.35694241523742676
0.3464689254760742
0.3545994758605957
0.3530702590942383
0.3551480770111084
0.35904788970947266
0.3405592441558838
0.36042213439941406
0.3454728126525879
0.34044599533081055
0.35243678092956543
0.36196279525756836
0.36849117279052734
0.3518412113189697
0.35889291763305664
0.3454103469848633
0.3566930294036865
0.35615110397338867
0.34877610206604004
0.3562641143798828
0.3572382926940918
0.3664720058441162
0.3635995388031006
0.3407020568847656
0.34418606758117676
0.3423788547515869
0.3437073230743408
0.3480520248413086
0.3515920639038086
0.3557589054107666
0.34853243827819824
0.35016369819641113
0.3570868968963623
0.34409403800964355
0.3503150939941406
0.350754976272583
0.35853004455566406
0.3420422077178955
0.3371546268463135
0.3568305969238281
0.34801673889160156
0.3557710647583008
0.341494083404541
0.3454287052154541
0.36368680000305176
0.3660767078399658
0.351792573928833
0.36266541481018066
0.3407933712005615
0.35896921157836914
0.35227012634277344
0.3532593250274658
0.34163951873779297
0.3464314937591553
0.36577486991882324
0.35143327713012695
0.35891127586364746
0.3508951663970947
0.36310863494873047
0.3511350154876709
0.35880208015441895
0.3594779968261719
0.35491037368774414
0.3654048442840576
0.3541438579559326
0.3521244525909424
0.3579580783843994
0.3546261787414551
0.34335780143737793
0.3620145320892334
0.34718942642211914
0.3441028594970703
0.3480088710784912
0.36471056938171387
0.35331177711486816
0.3538353443145752
0.3604617118835449
0.34746336936950684
0.36016011238098145
0.3636617660522461
0.3678610324859619
0.3642289638519287
0.34877920150756836
0.34861111640930176
0.3556702136993408
0.3553140163421631
0.3419976234436035
0.3584907054901123
0.35005879402160645
0.35909509658813477
0.3571794033050537
0.36211395263671875
0.3526308536529541
0.3444960117340088
0.3685157299041748
0.35478663444519043
0.36264562606811523
0.3515284061431885
0.34345102310180664
0.35047483444213867
0.3605685234069824
0.35017895698547363
0.3575255870819092
0.353130578994751
0.36443638801574707
0.3495447635650635
0.3569965362548828
0.3499925136566162
0.35010266304016113
0.3431878089904785
0.3562467098236084
0.3540174961090088
0.35756826400756836
0.36319518089294434
0.3521697521209717
0.3518497943878174
0.3540043830871582
0.3428330421447754
0.350921630859375
0.36000895500183105
0.348935604095459
0.3494269847869873
0.35564613342285156
0.3424506187438965
0.3648490905761719
0.35118627548217773
0.35680460929870605
0.3519918918609619
0.3567464351654053
0.35352253913879395
0.3579533100128174
0.35482263565063477
0.3635995388031006
0.36443185806274414
0.35022425651550293
10.388022661209106
0.3581693172454834
0.3544609546661377
0.3668513298034668
0.3519556522369385
0.351576566696167
0.34270787239074707
0.35323286056518555
0.34789466857910156
0.3529062271118164
0.36839866638183594
