376.12
387.10
359.57
352.97
373.56
377.83
370.33
367.94
380.36
345.98
353.36
348.51
375.37
386.42
384.02
377.59
375.31
394.61
377.70
400.11
388.06
383.29
386.86
346.33
378.72
378.51
371.55
357.83
358.91
359.26
343.57
381.79
384.44
361.53
362.01
377.66
371.89
380.45
360.08
361.86
374.38
373.19
335.67
366.34
362.87
346.81
380.13
379.51
385.45
350.45
370.22
366.81
376.71
345.31
354.22
350.77
392.06
342.31
384.77
378.44
364.31
366.25
375.60
384.08
379.67
341.63
386.80
355.42
377.16
364.24
386.72
351.52
375.95
360.49
347.91
361.64
341.89
347.60
364.73
383.57
380.76
355.53
372.94
379.51
361.02
380.50
375.83
348.89
359.47
362.57
375.88
377.12
379.53
361.72
376.43
379.81
363.45
375.78
376.08
376.59
342.57
382.40
406.85
365.53
369.46
352.36
349.81
376.56
378.77
373.47
363.85
390.35
371.01
345.41
375.78
369.71
359.63
340.55
383.22
374.80
381.90
351.25
375.93
352.15
369.91
355.95
377.49
362.62
353.05
357.37
372.42
388.99
371.30
383.07
361.52
371.12
373.20
374.04
371.45
356.19
382.77
352.28
365.87
384.82
385.06
358.59
374.84
376.16
372.54
375.73
369.32
357.86
361.47
386.05
345.68
377.15
380.02
377.63
343.36
383.66
347.54
366.21
376.01
367.35
356.51
368.68
377.82
341.06
382.40
380.87
375.47
379.85
352.52
375.31
368.93
375.88
