272.07
250.16
254.12
253.29
256.30
265.86
255.91
248.77
251.54
248.14
267.70
257.80
259.99
256.03
249.53
252.74
250.11
253.50
253.14
256.49
250.31
256.73
257.61
245.26
250.92
258.28
254.19
260.19
263.35
246.43
276.95
248.95
248.88
260.39
255.35
251.57
255.84
247.68
251.09
254.39
252.09
257.36
269.50
254.72
254.49
263.43
246.77
246.45
249.53
253.27
257.02
251.15
251.67
264.53
250.41
250.79
253.36
264.73
253.17
248.96
252.24
254.03
263.13
252.84
259.66
253.51
256.17
256.55
250.84
251.62
248.49
251.41
254.24
244.15
256.46
252.70
246.91
250.19
253.45
250.73
253.25
252.00
248.44
252.75
250.42
247.71
254.30
252.26
250.97
249.74
250.23
252.41
245.86
248.04
254.73
253.32
246.81
256.81
259.45
250.09
250.76
250.59
252.09
251.49
246.71
249.94
252.98
257.39
248.68
252.47
256.24
252.49
248.11
252.22
250.67
250.26
249.90
250.51
249.66
254.36
249.95
249.77
251.52
244.73
249.21
251.43
253.18
250.31
248.47
251.78
254.85
249.23
251.73
246.22
249.63
250.47
253.41
250.35
254.50
247.70
246.20
250.13
249.89
251.48
254.07
250.68
251.46
250.72
252.75
252.23
259.67
250.53
250.21
250.05
248.85
251.00
250.78
249.00
258.07
250.57
250.38
249.16
253.59
246.51
250.83
248.24
253.86
247.57
251.66
311.09
259.51
251.13
249.71
249.47
252.19
252.68
255.87
247.17
249.15
248.97
250.56
249.79
250.53
248.28
255.39
247.97
248.52
249.92
251.19
254.04
249.15
295.83
259.01
251.24
252.76
251.82
245.69
248.66
255.39
248.72
