52.527379274368286
43.730900287628174
43.963550329208374
47.79635691642761
43.94683051109314
43.60503077507019
44.19621777534485
44.01703238487244
44.11656141281128
43.53565692901611
50.457704305648804
44.06098914146423
43.91533184051514
43.722328901290894
43.9749493598938
43.71543836593628
44.17062211036682
43.87859511375427
44.15896248817444
44.01092839241028
43.99437236785889
44.15870475769043
44.05603075027466
43.48314189910889
44.23608708381653
43.690399408340454
44.45787715911865
50.07402229309082
50.1429488658905
44.037837266922
44.05782175064087
43.877697229385376
44.375959634780884
44.21969771385193
44.27496814727783
44.306764364242554
44.13209271430969
44.18893575668335
44.04367136955261
44.017783880233765
43.77056646347046
44.13826942443848
44.30939316749573
43.98600625991821
44.13171434402466
43.7524688243866
43.70498037338257
44.213927030563354
44.04748773574829
43.57128310203552
44.19983911514282
44.341012954711914
44.15231251716614
44.531222105026245
44.73414063453674
43.80951690673828
44.19039249420166
44.07705330848694
43.78701615333557
43.755709171295166
44.30555558204651
43.98129606246948
44.03326058387756
44.17269039154053
44.14964318275452
44.206626892089844
44.08875775337219
44.38436484336853
44.182600259780884
44.23832058906555
44.04678559303284
43.894394874572754
43.89976501464844
44.03582215309143
44.42369079589844
48.26847553253174
43.85208535194397
44.01767635345459
44.140589237213135
44.207889795303345
45.94872236251831
47.02923798561096
43.8371160030365
44.157442808151245
43.7529981136322
43.86089372634888
47.04522752761841
44.48099398612976
46.26132249832153
45.46240496635437
44.1645143032074
44.23547720909119
43.92979550361633
44.14121651649475
44.15189576148987
43.9493088722229
43.616907358169556
44.613741636276245
43.936495304107666
44.054214000701904
44.11708426475525
44.008238792419434
43.84258031845093
43.743446350097656
43.851977825164795
43.76483964920044
43.756805419921875
43.87929892539978
46.21607160568237
44.24149131774902
43.838616371154785
43.98444724082947
43.95797944068909
44.34422850608826
44.11382031440735
44.07981634140015
44.08126163482666
44.07003712654114
43.92071604728699
43.79495167732239
43.83565831184387
43.83902168273926
45.966482400894165
44.19090962409973
44.40844392776489
43.99352550506592
44.18723464012146
43.98498606681824
44.43844795227051
44.41218185424805
44.00824761390686
43.88318467140198
43.829750299453735
43.877155780792236
45.4735689163208
44.043903827667236
44.09981942176819
44.06588888168335
47.66417098045349
44.647541999816895
43.690500020980835
45.440897703170776
43.98421096801758
44.27161264419556
43.914795875549316
45.602734088897705
44.06886601448059
44.11583423614502
44.03147912025452
43.80407190322876
44.121333837509155
44.32218527793884
44.4233033657074
44.028759717941284
46.558493852615356
44.124521017074585
44.14159941673279
43.655022859573364
43.92559838294983
43.9613778591156
43.9485399723053
44.41037321090698
48.703619956970215
44.17446327209473
43.73176097869873
43.89436411857605
43.98184657096863
44.34693765640259
46.344441413879395
45.30122780799866
45.1738977432251
44.25590229034424
44.10318398475647
43.948527812957764
44.00541925430298
43.92704701423645
46.05769491195679
43.83221983909607
44.680182218551636
45.05586218833923
44.4225811958313
43.90729808807373
44.453083753585815
43.69055724143982
46.51825785636902
43.91259431838989
44.39805817604065
48.1051070690155
44.53020715713501
43.76219868659973
44.852277994155884
43.816802978515625
44.546892404556274
44.0514612197876
44.67533898353577
45.159594774246216
44.42915630340576
43.88413214683533
44.656781911849976
44.13448166847229
