37.09	1139896
27.54	1139892
27.48	1139888
37.62	1139892
27.29	1139892
27.24	1139892
27.20	1139900
27.24	1139896
27.27	1139904
27.16	1139892
27.57	1139904
26.99	1139900
27.58	1139888
34.29	1139896
27.24	1139892
38.31	1139896
27.21	1139888
36.71	1139892
27.87	1139892
37.47	1139892
27.40	1139884
27.63	1139892
27.96	1139888
27.82	1139896
36.90	1139892
27.84	1139904
27.72	1139892
27.38	1139892
27.19	1139892
27.77	1139888
27.37	1139896
27.27	1139892
26.84	1139892
27.26	1139892
37.28	1139900
27.32	1139888
37.41	1139888
27.22	1139896
37.25	1139896
27.36	1139892
27.40	1139896
27.49	1139892
27.14	1139896
37.53	1139896
27.46	1139892
27.09	1139900
27.60	1139896
27.49	1139900
27.47	1139892
27.35	1139896
27.64	1139896
27.64	1139896
27.84	1139900
27.25	1139892
27.34	1139892
37.35	1139896
27.46	1139900
27.48	1139896
27.04	1139896
27.66	1139900
36.70	1139892
27.68	1139904
27.02	1139896
26.99	1139892
34.57	1139888
27.50	1139896
37.35	1139888
27.35	1139892
27.10	1139896
27.38	1139888
27.10	1139892
27.49	1139904
27.17	1139892
27.38	1139888
27.14	1139896
27.06	1139892
27.01	1139892
30.06	1139892
27.36	1139896
34.24	1139884
27.15	1139888
37.63	1139892
27.31	1139896
37.00	1139892
27.18	1139896
27.35	1139896
26.99	1139896
27.61	1139892
37.11	1139896
27.54	1139896
26.87	1139900
27.25	1139896
27.24	1139892
27.29	1139896
27.11	1139896
26.90	1139892
27.57	1139892
27.22	1139896
32.24	1139892
27.14	1139896
34.86	1139896
27.05	1139896
26.88	1139900
27.02	1139892
27.06	1139896
27.88	1139892
27.36	1139896
31.74	1139892
27.15	1139888
35.12	1139900
26.96	1139896
27.04	1139900
27.39	1139900
27.01	1139900
26.97	1139892
27.06	1139896
26.92	1139896
27.18	1139892
26.99	1139892
27.30	1139896
34.40	1139884
27.48	1139892
34.33	1139900
27.00	1139896
35.28	1139892
26.92	1139904
27.19	1139892
27.73	1139892
27.13	1139896
37.22	1139896
27.34	1139892
27.00	1139892
27.47	1139884
27.17	1139896
27.22	1139896
27.93	1139896
27.54	1139892
27.20	1139892
27.02	1139884
26.97	1139888
27.37	1139900
27.18	1139892
37.33	1139892
27.12	1139892
28.09	1139900
27.07	1139892
34.06	1139892
27.04	1139896
35.38	1139896
27.28	1139884
26.80	1139896
27.15	1139900
27.20	1139896
36.99	1139900
27.07	1139896
27.57	1139896
27.06	1139896
27.33	1139892
27.01	1139900
27.51	1139900
27.53	1139900
27.41	1139884
27.05	1139892
32.87	1139892
26.83	1139888
35.61	1139892
27.07	1139900
27.13	1139892
27.47	1139896
27.39	1139892
37.62	1139900
27.40	1139896
27.03	1139896
27.33	1139896
34.11	1139892
27.16	1139896
27.50	1139896
27.38	1139896
27.04	1139888
27.05	1139896
27.16	1139896
27.11	1139880
27.17	1139892
27.46	1139896
27.72	1139884
27.18	1139900
27.03	1139900
34.81	1139892
27.14	1139892
37.88	1139896
27.83	1139896
36.32	1139892
27.41	1139892
27.10	1139896
27.19	1139896
26.97	1139896
37.62	1139896
27.27	1139896
27.13	1139896
27.16	1139896
35.21	1137256
29.62	1137264
27.93	1137256
29.24	1137260
29.59	1137260
28.10	1137260
27.99	1137264
28.97	1137256
29.36	1137260
28.20	1137260
27.86	1137260
39.79	1137256
28.94	1137252
38.14	1137256
28.63	1137268
33.43	1137256
29.36	1137264
37.11	1137264
28.66	1137256
38.28	1137256
29.99	1137260
37.16	1137256
28.66	1137260
29.25	1137268
28.65	1137260
28.00	1137260
29.17	1137260
27.93	1137260
28.54	1137260
28.00	1137264
29.50	1137260
38.85	1137264
27.88	1137264
27.94	1137264
28.26	1137264
29.09	1137264
29.08	1137264
27.86	1137264
29.22	1137260
28.14	1137272
29.05	1137260
39.05	1137268
29.08	1137264
29.04	1137272
28.85	1137260
29.37	1137256
29.41	1137256
28.14	1137260
29.05	1137264
27.81	1137256
28.92	1137260
38.22	1137268
28.73	1137272
38.22	1137264
29.12	1137268
38.34	1137264
29.08	1137264
38.02	1137256
27.77	1137260
37.88	1137260
29.13	1137268
38.78	1137260
29.48	1137264
29.47	1137256
29.25	1137260
28.71	1137264
28.21	1137260
29.26	1137260
28.07	1137264
29.41	1137252
29.30	1137264
39.07	1137260
28.97	1137264
37.95	1137264
29.13	1137264
38.03	1137260
28.04	1137260
38.74	1137260
28.03	1137260
39.37	1137264
29.33	1137264
38.42	1137264
29.56	1137256
29.22	1137256
29.45	1137260
29.26	1137268
29.19	1137264
29.51	1137260
29.09	1137256
29.23	1137264
29.26	1137260
39.14	1137256
28.20	1137264
38.62	1137256
28.76	1137260
38.67	1137260
29.39	1137252
38.01	1137264
29.39	1137268
37.28	1137260
28.38	1137264
38.89	1137256
29.46	1137260
29.26	1137268
29.21	1137260
27.88	1137256
29.64	1137260
29.26	1137264
28.95	1137256
28.58	1137264
29.27	1137260
35.06	1137264
30.28	1137256
37.00	1137268
29.37	1137264
37.40	1137260
28.58	1137264
38.85	1137260
29.74	1137260
37.29	1137264
29.67	1137260
37.42	1137256
29.48	1137260
28.11	1137268
29.45	1137256
29.41	1137264
29.50	1137268
29.52	1137260
29.34	1137260
29.93	1137268
28.65	1137260
37.01	1137260
29.27	1137256
37.78	1137256
29.64	1137260
37.40	1137268
28.31	1137264
39.07	1137264
29.19	1137260
38.04	1137264
29.22	1137260
37.92	1137264
27.95	1137260
29.31	1137264
29.49	1137264
29.33	1137260
29.10	1137256
29.49	1137268
29.31	1137264
29.31	1137264
29.23	1137264
33.44	1137264
29.65	1137260
37.65	1137252
29.05	1137260
38.50	1137268
29.11	1137264
37.58	1137260
29.57	1137260
37.67	1137256
29.49	1137264
37.63	1137268
28.27	1137256
28.27	1137260
29.30	1137260
27.85	1137260
29.25	1137256
28.13	1137256
28.96	1137268
28.17	1137264
27.98	1137260
34.02	1137260
28.31	1137260
38.95	1137268
28.17	1137236
39.35	1137260
28.10	1137260
38.89	1137260
29.17	1137264
38.09	1137264
27.96	1137264
39.21	1137264
29.16	1137256
28.45	1137260
29.05	1137260
28.47	1137260
29.69	1137264
29.30	1137264
29.20	1137260
29.34	1137256
29.14	1137260
36.04	1137264
28.80	1137264
38.57	1137264
28.83	1137260
38.17	1137260
28.01	1137264
37.46	1137264
28.36	1137264
38.92	1137264
42.51	1137508
28.03	1137516
29.06	1137524
28.14	1137508
28.63	1137500
27.81	1137516
27.93	1137516
29.12	1137508
28.52	1137512
28.63	1137512
37.56	1137508
28.26	1137512
27.91	1137516
28.37	1137512
28.04	1137520
30.87	1137512
38.32	1137520
28.11	1137508
38.28	1137512
30.56	1137516
38.37	1137520
28.48	1137520
28.26	1137508
27.80	1137508
27.99	1137516
28.52	1137520
28.13	1137512
28.07	1137512
28.10	1137500
28.20	1137516
28.19	1137512
28.31	1137512
28.10	1137508
38.32	1137508
27.96	1137512
33.90	1137508
27.96	1137520
37.68	1137512
28.25	1137508
38.28	1137516
28.22	1137516
36.46	1137504
28.31	1137520
28.18	1137508
28.32	1137516
28.15	1137512
28.09	1137512
28.26	1137520
28.56	1137512
28.41	1137520
28.29	1137520
28.40	1137512
28.33	1137516
28.06	1137508
37.91	1137520
28.53	1137516
38.29	1137516
28.17	1137512
38.23	1137520
28.48	1137512
28.44	1137512
28.20	1137512
35.84	1137512
28.27	1137516
28.31	1137512
28.01	1137520
28.00	1137508
27.82	1137504
28.19	1137508
28.44	1137516
28.10	1137504
28.30	1137512
37.24	1137524
28.51	1137520
36.89	1137512
28.02	1137512
38.04	1137500
28.06	1137508
36.83	1137516
28.05	1137512
37.66	1137512
28.29	1137508
28.28	1137516
28.48	1137508
28.45	1137512
28.33	1137508
28.33	1137516
28.15	1137516
28.48	1137520
28.38	1137512
28.08	1137520
28.10	1137508
28.31	1137512
38.46	1137512
28.37	1137512
38.17	1137520
28.16	1137520
28.00	1137520
28.20	1137520
36.28	1137512
28.01	1137516
33.82	1137512
28.48	1137516
37.14	1137520
28.49	1137512
28.39	1137516
28.52	1137504
28.24	1137512
28.66	1137508
28.33	1137516
28.38	1137512
28.32	1137520
28.98	1137516
36.56	1137512
28.44	1137512
38.07	1137512
27.90	1137516
27.71	1137512
28.33	1137516
28.54	1137516
28.28	1137520
28.01	1137524
29.12	1137516
28.06	1137516
27.99	1137516
28.60	1137508
27.87	1137512
28.30	1137516
28.45	1137520
28.37	1137520
29.00	1137512
28.42	1137520
28.15	1137516
27.86	1137512
29.06	1137516
28.39	1137520
33.50	1137512
28.53	1137520
37.23	1137536
28.37	1137524
38.60	1137512
28.58	1137508
38.59	1137516
28.28	1137520
38.58	1137512
28.50	1137516
28.40	1137508
27.92	1137524
27.86	1137516
28.46	1137512
28.55	1137512
28.50	1137508
28.38	1137520
28.03	1137508
37.97	1137520
28.48	1137524
38.69	1137516
28.55	1137508
38.03	1137512
28.42	1137520
27.92	1137516
28.39	1137508
29.02	1137512
28.76	1137512
28.02	1137516
28.76	1137520
28.42	1137508
28.48	1137516
28.26	1137524
27.95	1137512
28.38	1137524
28.49	1137512
28.36	1137512
28.66	1137512
27.93	1137516
38.83	1137512
28.22	1137512
37.22	1137524
28.81	1137512
38.84	1137508
28.65	1137516
38.11	1137516
28.85	1137516
39.37	1137512
28.57	1137520
37.69	1137520
28.74	1137508
28.66	1137516
29.12	1137508
27.99	1137512
28.62	1137516
29.13	1137516
28.66	1137512
28.86	1137520
28.93	1137520
28.76	1137516
29.05	1137516
34.70	1137512
27.98	1137512
33.84	1137508
27.08	1139424
26.89	1139424
27.75	1139424
26.77	1139432
26.80	1139432
26.80	1139436
26.98	1139444
26.78	1139428
27.01	1139432
27.01	1139432
36.50	1139428
27.37	1139432
34.75	1139420
27.73	1139424
37.50	1139432
27.57	1139420
36.74	1139428
26.94	1139428
26.84	1139428
26.91	1139432
27.38	1139428
37.37	1139424
27.09	1139432
26.99	1139432
26.99	1139428
26.98	1139424
27.08	1139436
27.39	1139428
26.63	1139428
26.99	1139424
26.94	1139432
36.40	1139424
27.44	1139432
26.71	1139428
27.35	1139432
27.10	1139428
37.29	1139428
26.86	1139432
28.00	1139428
26.92	1139428
34.84	1139428
27.06	1139424
35.22	1139420
27.17	1139432
26.81	1139424
27.29	1139428
26.95	1139428
26.87	1139436
27.06	1139432
27.10	1139428
26.86	1139432
26.97	1139432
27.86	1139428
34.13	1139432
26.68	1139432
35.14	1139428
26.89	1139428
35.56	1139432
26.75	1139428
26.98	1139436
27.07	1139428
26.87	1139428
26.91	1139432
28.07	1139428
32.49	1139424
27.30	1139428
27.92	1139428
26.94	1139424
26.99	1139432
27.22	1139428
27.08	1139424
27.13	1139428
26.99	1139424
27.51	1139424
26.74	1139416
28.43	1139424
26.74	1139424
34.94	1139432
26.84	1139420
35.23	1139432
27.68	1139436
27.09	1139432
26.95	1139428
27.00	1139424
37.11	1139428
26.99	1139424
27.42	1139432
28.17	1139428
27.07	1139424
27.09	1139432
26.95	1139432
26.94	1139428
27.66	1139432
27.08	1139428
26.84	1139432
26.87	1139432
26.83	1139428
36.02	1139436
26.76	1139424
27.34	1139420
27.21	1139424
34.99	1139428
27.22	1139416
34.98	1139420
26.88	1139428
27.40	1139428
26.86	1139432
27.27	1139428
26.94	1139424
26.98	1139432
26.64	1139424
26.89	1139424
26.75	1139428
27.10	1139428
26.89	1139432
26.95	1139420
26.90	1139432
27.01	1139420
27.29	1139416
36.97	1139420
27.81	1139428
27.63	1139428
26.74	1139424
33.67	1139428
26.85	1139432
35.49	1139428
26.80	1139428
26.95	1139436
27.03	1139432
27.14	1139428
26.76	1139432
26.98	1139428
26.86	1139436
26.93	1139428
26.81	1139432
27.15	1139432
26.99	1139436
27.05	1139424
26.87	1139424
26.89	1139428
26.93	1139424
27.40	1139432
26.69	1139436
34.84	1139428
26.81	1139432
35.60	1139428
26.90	1139424
26.97	1139428
27.12	1139424
27.25	1139424
27.02	1139428
26.84	1139424
32.89	1139436
27.84	1139432
26.87	1139432
26.90	1139428
27.15	1139428
27.01	1139424
26.93	1139424
27.04	1139424
26.98	1139424
26.90	1139428
26.94	1139428
29.34	1139436
26.91	1139428
35.09	1139436
27.32	1139424
35.14	1139428
27.33	1139432
26.83	1139424
27.14	1139420
26.91	1139432
37.04	1139428
26.97	1139428
28.20	1139436
27.12	1139436
26.90	1139428
26.96	1139432
26.97	1139432
27.18	1139432
26.89	1139428
27.06	1139428
27.12	1139436
27.03	1139424
26.96	1139432
37.31	1139432
27.15	1139436
27.06	1139432
26.90	1139436
35.33	1139436
27.45	1139428
37.04	1139428
26.62	1139420
37.22	1139432
27.05	1139424
27.03	1139428
35.91	1139420
27.08	1139428
27.10	1139428
27.41	1139428
37.02	1139508
41.53	1139512
40.10	1139516
33.24	1139508
39.42	1139512
32.31	1139508
40.03	1139512
32.73	1139504
33.98	1139508
32.07	1139504
32.77	1139512
32.50	1139508
32.18	1139508
31.99	1139508
31.95	1139508
32.34	1139504
32.10	1139512
36.81	1139504
32.05	1139504
41.02	1139508
32.03	1139500
34.30	1139496
32.04	1139508
34.37	1139512
31.94	1139504
34.75	1139508
32.24	1139512
34.83	1139516
31.93	1139508
31.92	1139508
31.82	1139508
32.13	1139504
32.06	1139512
32.05	1139504
32.22	1139516
32.22	1139508
37.57	1139504
32.03	1139508
34.42	1139508
32.00	1139508
34.54	1139512
32.04	1139504
34.54	1139512
32.02	1139512
34.38	1139504
32.15	1139508
34.32	1139516
31.88	1139508
32.34	1139504
31.89	1139508
32.24	1139512
31.96	1139504
31.89	1139508
32.10	1139508
32.56	1139508
37.32	1139504
32.10	1139504
34.56	1139508
31.78	1139504
34.63	1139508
32.24	1139512
34.41	1139512
32.00	1139512
34.54	1139508
31.96	1139504
34.64	1139512
31.87	1139504
32.19	1139512
31.85	1139512
32.82	1139508
31.84	1139504
32.26	1139504
31.78	1139516
32.19	1139508
37.04	1139508
32.20	1139508
34.26	1139504
31.86	1139508
34.55	1139508
31.93	1139508
34.72	1139508
32.01	1139508
34.35	1139508
32.25	1139504
34.42	1139512
31.90	1139508
31.97	1139508
32.08	1139508
31.97	1139508
32.20	1139516
32.25	1139508
32.03	1139508
31.95	1139504
38.27	1139508
32.50	1139508
33.69	1139508
32.05	1139512
34.50	1139504
32.05	1139508
34.71	1139504
32.00	1139508
34.22	1139504
32.03	1139508
34.68	1139508
32.29	1139508
32.21	1139504
32.06	1139504
32.24	1139500
32.00	1139504
32.00	1139512
32.22	1139512
32.28	1139512
40.57	1139516
32.03	1139516
34.45	1139512
32.20	1139508
34.49	1139512
32.05	1139512
34.39	1139512
31.98	1139504
34.51	1139504
32.14	1139508
34.27	1139508
32.11	1139500
31.94	1139512
32.11	1139512
32.94	1139512
31.83	1139508
31.98	1139504
32.02	1139508
32.42	1139508
36.77	1139512
31.95	1139504
33.92	1139504
31.93	1139508
34.56	1139508
32.01	1139512
34.63	1139508
32.32	1139504
34.20	1139504
31.89	1139508
34.48	1139504
31.91	1139508
32.16	1139516
32.57	1139508
31.92	1139512
32.11	1139512
32.31	1139508
32.01	1139508
31.90	1139508
37.33	1139508
31.88	1139516
34.53	1139512
32.29	1139508
34.49	1139504
31.95	1139512
34.51	1139508
32.36	1139504
34.22	1139500
32.04	1139512
34.27	1139508
32.50	1139504
32.19	1139508
31.94	1139500
31.83	1139500
32.27	1139512
31.90	1139512
32.65	1139512
32.53	1139508
38.94	1139512
32.23	1139504
34.04	1139512
31.96	1139512
34.61	1139512
31.96	1139512
34.63	1139504
31.87	1139512
34.81	1139508
31.91	1139508
34.54	1139508
32.20	1139504
32.77	1139508
32.01	1139512
32.59	1139504
32.35	1139512
32.48	1139516
31.85	1139504
32.92	1139500
35.10	1139504
32.37	1139508
33.90	1139508
33.52	1139504
32.94	1139512
31.95	1139512
34.82	1139512
32.08	1139504
34.29	1139504
32.01	1139512
34.49	1139504
32.21	1139504
