125.75	3457588
125.66	3457252
126.38	3458040
126.74	3457320
128.66	3457564
128.08	3459200
125.20	3457752
124.96	3459320
125.18	3457740
126.42	3457776
124.25	3457872
127.55	3457752
128.09	3457752
124.87	3457772
123.67	3457744
125.99	3457784
122.35	3457748
124.78	3457768
123.70	3459276
127.52	3459276
127.71	3459316
125.75	3457704
122.79	3457276
127.13	3457572
126.94	3457772
127.34	3457768
126.75	3459332
125.04	3457644
125.00	3459308
126.87	3457752
124.42	3457748
124.43	3457572
124.77	3457568
125.18	3457884
126.08	3459288
129.34	3457748
128.01	3457760
126.33	3457752
126.71	3457260
143.09	3459300
140.57	3459184
141.08	3459308
123.98	3457760
128.70	3459232
144.06	3457884
139.14	3457752
139.03	3457740
128.75	3459308
125.29	3457868
146.28	3457752
147.13	3457744
146.12	3459168
124.70	3457764
132.33	3457060
140.18	3457752
139.88	3457752
134.08	3457280
126.25	3457740
138.40	3457288
140.92	3457580
138.46	3457296
132.94	3457816
129.47	3457872
136.34	3457680
146.25	3457768
139.18	3457844
135.39	3459244
127.25	3457580
140.47	3457748
139.99	3457752
141.56	3457768
124.17	3457892
128.06	3457740
140.73	3457768
144.34	3457268
142.24	3459320
124.64	3457600
126.95	3457748
145.45	3457676
140.73	3457748
137.47	3457540
125.85	3457528
125.46	3457744
143.52	3457284
139.43	3457752
141.87	3457728
126.35	3457696
122.16	3457656
144.56	3457764
143.88	3457276
143.20	3457760
124.00	3457648
124.29	3457768
153.00	3459312
128.29	3457772
143.15	3457756
121.57	3457640
128.71	3457748
152.90	3457748
140.12	3457756
128.69	3457748
125.17	3457880
135.83	3457868
144.11	3457768
142.11	3457644
134.88	3457788
124.66	3457764
135.94	3457648
140.56	3457768
132.17	3457740
127.50	3457752
130.84	3457764
139.36	3457748
139.91	3457752
135.84	3457616
125.47	3457276
140.28	3457836
138.80	3459296
139.77	3457764
125.50	3457192
125.17	3459284
142.43	3457264
141.57	3457740
141.37	3459288
126.48	3457304
125.50	3457604
140.41	3457724
137.97	3457712
140.53	3457760
125.37	3457760
123.36	3457984
145.07	3457652
143.35	3458008
145.87	3459072
124.43	3457772
131.84	3457236
140.20	3457576
142.38	3457624
130.03	3459128
124.95	3459308
124.94	3457252
127.49	3458956
126.08	3459060
127.83	3457660
125.91	3457744
125.70	3457144
126.73	3459324
125.47	3457756
124.80	3457668
126.76	3457252
124.50	3457584
128.05	3459316
126.40	3457760
126.41	3459116
125.76	3457772
125.48	3457516
142.76	3459288
142.78	3457748
141.51	3457752
123.88	3457744
123.77	3457928
146.91	3457456
138.54	3459288
138.80	3457780
125.42	3457736
124.84	3459196
143.04	3457664
140.81	3457256
140.52	3459288
124.66	3459296
136.73	3457752
128.65	3457736
129.46	3457752
139.57	3457752
126.04	3457472
136.39	3457756
139.43	3457756
139.37	3457740
130.08	3457652
127.07	3459308
130.96	3457772
139.87	3457284
142.51	3457756
133.41	3457536
127.40	3457276
135.11	3459300
138.36	3457540
141.20	3458016
129.77	3457756
126.41	3457544
135.17	3459188
142.70	3457548
145.27	3457756
134.48	3458928
125.47	3457724
139.98	3457804
140.07	3457752
139.98	3457740
124.28	3457744
125.02	3457752
109.54	3457760
123.36	3437196
129.04	3437200
124.29	3438928
126.08	3437376
128.12	3438720
126.15	3437364
126.87	3437484
123.94	3437380
122.46	3436856
122.82	3437388
126.96	3438952
123.87	3437380
124.70	3438852
125.01	3437380
128.14	3438756
125.04	3437364
124.36	3437176
123.44	3437396
125.00	3438908
124.65	3437488
122.49	3437328
122.75	3437388
126.27	3436904
122.99	3437352
127.35	3437512
126.66	3437388
118.86	3437196
124.88	3437396
123.79	3437420
122.75	3438836
125.30	3437400
124.55	3437232
124.03	3437392
123.38	3437408
124.85	3437388
122.30	3437648
129.24	3437380
125.08	3437384
124.80	3437352
135.41	3438952
144.37	3437368
143.02	3436904
134.63	3437376
126.25	3437404
133.22	3437172
142.61	3436868
143.80	3437368
135.10	3437280
129.83	3437384
140.17	3438728
143.02	3436912
137.19	3437404
123.24	3437196
125.63	3437380
147.49	3437228
141.62	3437296
141.38	3437372
127.10	3438892
126.47	3437356
135.58	3437208
140.30	3437416
141.38	3438944
124.56	3437300
127.61	3437280
140.62	3437388
139.26	3437364
140.34	3438740
126.05	3437276
125.08	3437396
152.47	3437328
138.87	3436896
131.53	3438920
124.58	3438744
130.73	3437384
139.91	3437408
140.30	3437264
133.94	3437132
125.16	3437336
133.30	3437416
143.08	3437168
145.93	3437384
135.78	3437384
121.65	3437284
137.92	3437380
139.56	3437496
142.31	3438744
130.71	3437300
124.27	3437400
132.53	3437360
142.16	3437248
139.39	3437264
131.15	3437364
125.94	3438764
137.52	3437272
142.68	3437380
139.31	3437384
132.10	3437176
124.06	3437400
134.34	3438940
147.30	3437392
144.33	3437400
133.38	3437364
121.71	3437316
129.28	3437200
150.98	3437388
140.00	3437356
122.82	3437396
127.86	3437360
140.80	3437160
140.83	3436944
126.42	3437588
122.58	3438892
140.58	3436904
140.88	3437384
140.11	3437304
125.19	3437496
124.70	3437372
142.08	3437636
144.90	3437400
140.51	3437264
124.32	3437380
126.09	3437372
135.82	3437384
142.94	3437184
137.98	3437388
125.30	3437364
128.58	3438772
142.91	3437384
145.63	3437396
144.68	3436944
123.32	3437228
136.79	3437336
141.85	3437392
139.66	3436904
129.84	3437376
124.00	3437524
133.75	3438932
140.06	3437296
142.13	3438720
132.59	3436900
124.99	3437280
125.95	3437492
124.94	3437332
125.25	3437352
123.84	3437256
127.65	3437392
125.66	3437228
124.72	3437380
124.26	3438816
125.75	3437372
129.37	3437360
126.21	3437360
126.26	3437276
124.85	3437296
121.90	3437320
126.69	3438816
126.78	3437496
143.45	3437340
140.69	3437372
140.99	3438936
125.50	3437256
125.84	3437372
145.60	3437372
138.60	3437504
137.38	3436896
123.93	3437376
128.16	3437364
140.98	3437284
144.35	3438924
144.13	3436992
125.31	3437380
132.56	3437200
137.68	3438936
140.20	3436876
129.63	3437232
123.48	3437368
134.14	3437352
139.78	3437392
143.09	3437324
129.53	3437248
126.45	3437384
133.94	3437164
139.90	3437204
143.13	3437276
132.24	3436996
123.83	3437384
135.59	3437348
144.73	3437336
140.43	3437216
131.21	3437372
123.90	3437340
134.80	3437436
145.03	3438940
144.18	3437352
137.33	3438488
124.01	3437364
139.74	3437372
140.05	3437468
142.77	3437404
124.96	3437340
127.99	3436900
142.50	3437056
141.04	3437340
140.76	3437300
123.77	3437372
123.33	3438768
143.51	3438544
138.99	3436868
140.05	3437376
124.94	3437292
123.77	3437376
142.32	3437248
141.22	3437380
142.51	3437516
123.72	3437368
124.62	3437360
110.72	3437244
108.40	3437368
105.70	3439204
105.69	3437656
105.31	3438968
106.69	3437404
105.72	3437380
104.99	3437508
103.19	3437168
105.62	3437288
106.30	3437396
103.70	3437316
104.89	3437404
107.65	3437192
106.24	3438740
106.09	3438796
106.25	3439428
107.61	3438776
106.84	3438772
106.72	3437400
106.59	3437392
106.60	3437376
101.64	3437112
104.30	3437392
104.21	3436920
108.78	3437168
104.96	3438756
122.30	3437152
116.18	3437344
124.16	3437224
112.87	3438776
106.31	3437376
106.25	3437396
125.15	3438812
121.17	3439304
127.43	3437392
105.73	3437284
105.23	3437408
116.07	3438712
112.51	3437392
125.08	3436896
126.08	3437240
104.98	3437404
108.67	3437392
114.11	3437392
126.15	3438936
119.51	3437388
109.68	3437396
105.98	3437604
106.04	3437392
125.25	3437376
113.50	3437360
120.70	3437640
112.42	3437392
104.61	3436916
106.62	3437308
124.77	3437548
121.95	3438924
109.02	3437068
112.00	3437408
104.31	3438956
115.23	3436900
116.62	3437376
127.67	3437392
123.69	3437388
105.15	3436904
107.34	3437392
117.13	3437268
123.96	3437400
133.28	3441776
133.08	3441780
130.15	3441800
131.19	3441792
127.99	3441388
132.93	3441776
131.80	3441784
132.04	3441300
129.18	3443312
132.43	3441784
129.53	3441648
129.47	3443316
128.06	3441784
126.34	3441688
130.06	3441944
130.61	3441772
133.89	3442048
126.38	3441596
129.44	3441792
133.11	3441772
130.52	3441660
129.78	3443116
132.38	3441780
131.85	3441304
134.07	3441796
128.04	3441308
132.41	3441784
129.13	3441772
127.63	3441228
127.77	3441648
133.97	3443236
130.90	3443280
137.43	3441312
133.88	3441680
131.27	3441740
128.53	3441648
131.03	3442048
142.94	3441772
149.84	3441780
147.98	3441788
140.63	3441688
128.86	3441748
147.55	3441316
141.92	3441276
143.98	3441796
127.46	3443332
126.30	3441548
152.26	3441776
144.95	3441452
133.32	3441800
127.68	3441916
138.08	3441796
150.48	3441692
148.63	3441764
132.28	3441788
128.51	3441660
138.49	3441792
153.57	3443620
141.80	3443236
131.39	3441776
127.34	3441784
149.41	3441772
148.98	3441760
149.49	3441792
130.01	3441768
134.82	3441776
139.67	3443288
143.74	3441744
132.96	3441748
133.24	3441496
138.00	3441592
147.92	3443592
141.04	3441816
128.96	3443336
129.31	3441676
137.90	3441304
158.66	3441812
139.94	3441716
131.69	3441296
128.33	3441768
143.62	3441780
144.76	3441804
150.83	3441616
129.46	3443144
126.27	3441312
151.65	3443336
160.10	3441572
141.68	3443184
130.29	3441776
139.67	3441772
149.05	3441856
142.96	3441900
137.53	3443344
126.71	3441884
138.70	3441784
143.92	3441772
157.96	3443220
129.36	3441300
129.27	3441912
149.30	3442040
144.94	3441768
143.63	3441776
124.96	3441792
129.22	3441664
144.59	3443272
124.31	3441584
124.72	3441752
148.59	3443272
138.95	3441780
141.30	3441756
126.11	3441768
126.71	3443204
140.28	3441512
141.27	3442040
139.37	3441564
124.75	3441832
125.35	3441752
143.40	3441304
141.66	3441892
140.92	3443324
124.82	3441768
136.82	3441764
127.54	3441772
139.77	3441780
141.02	3443032
126.36	3441864
139.21	3441772
144.17	3441748
144.65	3441288
132.55	3443280
128.66	3441248
136.35	3443152
143.82	3443036
143.71	3441636
133.44	3441608
125.83	3441792
124.66	3441776
126.14	3441772
125.60	3441780
123.54	3441516
126.12	3441752
127.61	3441692
126.45	3443128
125.96	3441788
126.26	3443212
125.80	3441544
127.77	3441772
124.46	3441636
130.32	3443140
124.31	3441772
125.91	3441776
126.59	3443112
143.80	3441748
141.97	3441796
140.78	3441760
125.51	3441780
134.60	3441824
143.79	3441776
141.61	3443324
134.87	3441752
125.61	3441772
135.31	3441780
145.51	3443320
139.47	3443068
134.64	3441280
125.56	3441776
136.41	3441656
148.41	3441768
140.08	3441752
135.15	3441660
125.03	3441776
142.35	3443124
141.47	3441628
147.90	3441764
125.63	3441812
126.08	3443324
141.14	3441600
143.06	3441680
137.97	3443176
125.91	3441672
125.52	3443240
142.86	3441780
139.18	3443596
142.43	3441500
126.36	3441564
134.74	3443196
139.96	3441776
126.21	3441776
140.99	3441780
126.80	3441768
136.46	3441692
141.52	3441592
144.23	3443208
135.43	3441792
126.95	3441732
136.05	3441780
140.09	3441788
139.94	3441780
129.67	3441784
128.31	3443096
137.23	3441772
145.11	3443360
141.59	3441792
138.03	3441748
124.22	3441756
140.94	3441952
141.78	3441648
144.31	3441652
127.38	3441896
125.14	3441708
142.59	3443344
122.00	3441804
110.63	3441720
102.59	3441772
105.36	3441284
123.46	3441612
113.67	3441724
123.07	3443200
110.57	3441800
108.86	3441596
106.28	3441828
127.12	3441272
123.62	3441772
112.87	3441664
115.21	3441800
104.36	3441792
112.00	3441296
108.14	3443712
125.66	3441908
122.37	3441780
104.33	3441684
104.97	3441316
114.33	3441796
122.38	3441316
111.45	3441620
124.17	3441308
104.12	3441800
104.62	3441780
113.64	3443328
121.76	3441796
121.97	3443624
112.96	3441804
103.79	3441624
105.03	3441784
126.21	3441784
108.92	3441788
125.68	3441284
116.05	3441784
103.96	3441308
104.51	3443312
119.52	3441300
124.07	3443344
113.43	3443348
113.85	3443316
102.20	3441784
105.24	3441672
123.30	3441660
118.38	3441760
122.72	3441788
104.54	3441808
110.08	3441780
112.50	3441772
112.12	3441908
100.94	3483064
97.06	3482964
101.89	3485008
98.13	3483224
99.92	3483232
99.65	3484800
97.42	3482648
100.63	3483000
100.72	3483472
99.30	3482988
100.16	3484292
99.58	3482932
99.48	3482468
98.13	3482988
102.37	3482712
99.54	3482952
98.48	3482984
97.12	3482472
98.41	3482764
101.23	3484520
101.37	3482972
97.50	3483008
101.52	3482836
100.36	3482992
102.78	3483004
97.13	3482916
98.43	3482992
98.83	3483028
101.23	3482992
102.91	3482984
99.28	3482864
100.37	3482972
99.36	3482576
99.38	3482484
100.41	3482708
98.12	3482508
99.88	3482980
102.08	3482820
101.33	3482496
98.93	3483140
100.52	3482976
101.05	3482988
102.65	3482964
100.78	3482876
102.44	3482968
98.39	3482500
101.08	3482992
100.35	3482300
104.60	3482988
110.27	3482972
114.69	3482984
102.07	3482852
124.86	3482748
99.32	3483052
97.81	3483040
107.11	3482988
102.82	3482892
118.78	3482888
118.21	3482984
101.45	3482988
101.52	3482976
109.64	3482996
106.98	3482976
120.37	3482504
114.48	3482960
100.11	3482980
100.61	3482708
107.56	3482488
108.54	3482480
117.95	3482492
101.74	3482984
109.31	3482984
99.96	3482984
98.59	3482536
122.63	3482940
114.74	3484852
104.69	3482508
108.06	3482992
98.40	3482960
102.69	3482984
121.15	3482984
121.41	3483012
107.14	3482812
108.42	3482492
98.59	3482820
97.30	3482792
115.12	3482948
103.67	3482984
120.76	3482976
107.17	3482432
99.74	3483100
98.98	3484456
101.04	3484300
124.56	3483236
114.14	3482988
100.65	3482504
100.30	3482996
99.55	3482984
110.03	3482988
112.07	3482952
101.47	3483228
119.14	3482796
97.50	3484268
102.19	3482960
108.30	3482772
105.50	3482808
120.55	3482984
117.88	3482976
100.30	3482868
99.23	3482976
108.81	3482976
110.64	3482976
112.88	3482996
101.87	3483092
110.57	3482964
102.19	3482916
100.18	3482564
121.90	3482864
117.35	3483048
109.77	3484492
112.31	3482536
98.20	3482516
102.66	3482820
113.27	3482840
109.80	3484316
118.56	3482800
105.24	3482996
102.98	3482996
99.11	3483020
103.36	3482972
120.93	3482992
114.42	3482976
105.77	3483240
104.35	3483224
99.98	3482900
108.71	3482976
128.74	3435536
137.58	3435440
125.46	3435048
139.01	3435520
135.04	3436932
141.02	3435328
126.64	3435532
125.83	3435544
140.07	3435548
144.84	3436888
143.51	3435668
126.75	3435288
126.28	3436872
144.54	3435408
145.74	3435304
144.94	3435536
124.98	3435452
132.81	3435060
126.92	3437100
139.90	3435444
140.51	3435532
123.20	3435472
134.35	3435528
140.60	3435408
142.81	3435532
130.38	3435656
123.44	3437064
131.50	3435272
135.99	3437096
140.78	3435408
129.68	3435288
124.39	3435376
126.14	3435592
128.19	3435368
126.99	3435548
123.59	3435672
123.58	3435500
125.53	3435348
126.44	3435536
126.77	3436900
126.87	3435632
128.35	3435528
124.11	3435544
125.99	3435556
128.57	3437092
125.73	3435052
125.62	3434940
124.38	3435440
139.38	3435496
140.31	3435660
140.09	3437000
124.91	3437004
126.86	3435556
143.13	3435284
144.10	3436724
137.70	3435064
124.03	3435496
123.16	3435544
143.60	3437444
139.25	3435536
143.31	3437004
126.18	3435052
123.46	3435532
142.49	3435520
146.21	3435484
143.03	3435040
122.25	3435500
135.19	3435384
144.31	3436884
136.25	3435552
133.13	3435264
126.97	3437080
131.89	3435336
135.42	3435540
137.44	3435504
130.61	3435540
126.73	3435044
133.64	3437020
144.72	3435396
141.22	3435408
130.56	3436816
126.40	3435320
134.21	3435176
139.48	3435344
141.30	3435672
131.29	3437088
122.86	3435648
135.93	3435536
141.93	3435176
141.32	3435544
129.53	3437116
123.72	3435536
135.14	3435376
141.12	3435032
141.09	3436868
135.81	3435532
124.05	3434988
142.51	3435388
141.03	3435332
135.72	3435064
124.89	3435060
123.09	3436964
136.09	3435092
136.73	3435664
141.13	3435548
124.70	3436940
124.35	3435576
143.37	3435540
105.30	3436920
105.12	3437092
121.98	3436964
159.65	3435432
111.89	3435820
102.78	3435372
102.82	3435560
125.68	3437088
121.91	3435456
117.01	3435528
106.02	3435556
103.08	3435560
110.97	3436892
108.62	3435456
121.03	3435460
121.30	3435056
104.92	3435540
104.16	3435804
114.06	3435268
115.52	3437112
113.01	3437044
117.95	3435392
102.57	3435520
103.23	3435532
112.44	3435444
124.25	3435544
106.42	3435336
125.18	3435804
104.42	3435564
105.95	3435548
114.47	3435576
116.74	3435440
109.14	3435536
124.05	3435564
102.88	3435356
101.47	3435064
113.70	3435472
124.06	3435092
120.91	3435084
107.78	3435532
103.02	3435552
104.02	3435712
104.34	3435544
124.64	3435088
118.78	3435088
108.13	3437088
105.44	3435516
103.39	3435408
109.24	3435068
123.81	3435424
117.59	3435520
108.39	3435552
102.49	3436972
104.92	3435064
101.90	3449960
103.48	3450432
102.08	3450232
100.26	3450448
102.38	3450468
103.82	3451796
101.79	3450368
100.20	3450236
100.26	3451996
102.08	3450272
101.59	3450692
102.02	3450460
99.85	3450696
101.15	3450368
102.70	3450468
104.52	3450460
100.60	3450332
101.05	3452004
102.40	3450452
103.06	3450424
102.31	3450432
99.98	3451600
99.64	3450460
100.11	3451980
102.41	3450432
103.32	3450376
101.90	3450464
100.30	3450280
101.60	3451780
102.72	3450476
100.35	3450268
104.95	3450440
100.23	3450240
100.55	3450312
99.90	3450460
100.67	3450444
101.15	3451880
102.67	3451888
99.30	3450472
102.15	3450404
103.03	3450436
98.45	3450264
99.29	3449988
101.92	3450236
101.96	3450432
100.60	3450272
101.88	3450264
106.75	3450208
122.45	3451988
120.31	3450432
107.38	3450452
101.02	3450432
100.42	3450444
108.64	3450436
121.58	3452332
121.37	3450472
107.75	3449960
101.67	3450452
99.58	3450448
107.80	3450332
122.58	3450456
122.08	3450444
105.72	3450472
104.85	3450452
99.22	3449964
109.44	3450472
120.63	3449972
118.00	3450460
106.64	3450456
100.58	3450296
102.68	3450440
108.01	3450440
120.83	3450244
119.70	3450428
109.77	3450440
101.27	3450344
100.47	3450472
107.68	3450444
121.20	3450300
120.89	3450248
106.73	3450452
101.25	3452012
101.63	3449976
108.24	3451696
120.64	3449968
122.15	3450316
107.14	3450416
100.32	3451836
99.96	3449948
110.48	3450220
118.83	3450288
119.92	3450460
110.51	3450452
102.14	3449964
101.89	3451872
108.14	3450572
121.72	3450412
121.45	3450520
106.58	3450328
102.00	3450456
100.89	3450452
110.29	3450452
117.34	3452012
106.64	3450444
122.01	3450548
100.99	3450432
99.33	3450448
108.10	3449908
120.13	3450428
107.30	3450144
121.15	3450452
102.21	3450460
101.10	3451816
111.26	3450472
120.68	3452328
107.62	3450440
122.60	3450708
102.41	3450336
99.17	3452012
107.01	3450444
108.30	3450580
121.48	3450444
115.77	3450568
98.76	3451980
100.86	3450400
110.32	3450516
108.86	3451584
119.90	3450456
121.61	3450444
101.43	3450456
100.30	3451796
111.08	3451868
108.29	3450240
121.81	3450444
137.03	3450260
120.16	3450284
120.29	3450436
134.64	3450260
138.77	3450448
138.68	3450356
120.02	3450416
120.16	3450040
136.35	3450504
125.17	3450400
140.49	3450236
130.57	3450436
121.14	3451588
130.51	3450672
139.07	3450432
141.36	3450200
130.21	3450320
119.62	3450584
128.91	3450432
140.27	3451876
141.21	3452464
130.63	3450132
120.97	3450444
128.81	3450300
139.76	3450460
140.00	3449968
127.91	3450432
121.44	3450304
130.87	3451860
138.63	3450444
140.23	3450560
129.47	3450300
120.45	3450436
121.06	3450432
122.43	3450456
122.53	3450420
120.63	3450424
120.42	3450332
122.63	3452308
121.19	3450424
123.79	3450444
119.75	3450448
121.38	3450444
121.38	3450232
120.34	3450576
120.11	3450012
120.00	3451768
119.70	3450440
120.34	3451788
132.48	3451980
138.57	3450328
138.45	3450284
131.94	3450332
120.90	3450440
129.51	3450356
142.55	3450440
140.01	3451988
126.63	3450432
121.30	3450456
130.36	3450564
140.12	3450436
138.45	3450436
130.34	3450448
121.15	3450236
132.46	3450444
143.59	3450212
135.06	3450248
131.38	3450432
120.28	3449960
127.73	3451792
142.48	3451964
141.50	3450312
126.42	3450436
119.04	3450288
130.66	3450432
144.24	3450460
137.66	3450420
128.82	3450420
121.72	3450432
130.55	3450320
142.20	3450440
136.44	3450380
131.57	3452484
121.93	3450424
130.63	3450436
140.38	3450456
137.31	3450452
130.74	3450276
121.03	3450328
130.92	3449960
140.50	3449944
138.38	3450284
131.52	3451780
122.83	3450448
130.06	3450432
139.70	3450500
137.78	3450444
129.85	3450208
120.56	3450436
130.93	3450416
139.62	3450416
141.77	3450372
127.25	3451884
121.02	3450420
130.23	3451768
137.10	3450448
141.41	3450552
128.85	3451832
121.28	3450368
131.14	3450444
102.64	3450408
108.02	3449956
121.12	3450172
119.93	3449988
109.24	3450460
103.96	3450452
103.89	3450424
123.14	3450444
112.47	3450324
114.46	3450236
108.32	3450396
102.26	3450600
101.06	3450464
111.39	3450416
122.93	3450320
115.81	3451976
110.46	3451984
100.03	3450452
99.96	3450572
110.01	3450444
120.69	3450228
118.87	3450228
108.99	3450448
103.27	3451864
102.09	3450464
109.16	3450708
121.98	3450452
117.01	3450372
111.19	3450456
101.45	3449960
101.91	3450464
112.19	3450436
120.47	3450420
119.29	3450428
112.05	3450364
100.04	3450424
101.30	3450216
109.71	3449984
122.08	3450052
115.99	3450408
107.34	3451756
99.00	3450452
101.34	3450468
108.82	3450556
121.30	3450460
122.00	3451820
106.66	3450440
102.67	3450464
100.95	3450260
112.57	3450360
123.88	3451792
118.98	3450296
78.84	3457252
90.18	3459036
98.32	3459040
87.57	3459104
90.44	3459096
89.96	3457152
78.72	3459092
80.91	3457672
79.56	3457552
98.39	3457528
88.60	3457668
90.62	3457540
97.35	3457244
79.21	3459076
79.84	3457184
79.24	3457492
80.71	3457440
79.10	3457732
79.63	3457552
79.87	3457616
80.07	3457508
79.24	3457556
80.61	3457496
79.90	3457536
79.50	3457524
80.52	3459080
80.29	3457540
79.23	3457184
79.74	3458972
81.05	3457264
80.19	3457520
80.41	3457052
81.64	3457532
80.60	3457752
82.74	3457564
79.42	3457516
80.59	3457532
80.71	3457552
80.22	3459144
80.55	3458888
86.87	3457524
86.15	3457448
90.01	3457164
89.30	3457528
100.23	3457684
79.40	3458852
80.58	3457540
80.29	3457524
87.72	3457636
89.18	3457732
98.68	3457740
89.68	3457484
88.60	3457568
79.92	3458980
78.09	3457672
78.20	3457532
92.49	3457648
90.04	3457568
88.82	3457248
100.71	3457680
79.62	3457544
79.89	3459112
78.79	3459104
90.86	3457616
91.03	3457492
99.30	3457660
92.91	3457556
92.20	3457624
80.83	3457556
81.64	3457776
79.07	3457508
92.74	3457656
88.43	3457552
90.53	3459072
100.54	3457548
80.93	3459580
78.73	3457472
80.33	3457536
89.34	3457548
88.53	3457408
100.66	3457536
87.21	3457528
89.76	3457256
82.96	3457548
79.83	3457668
81.30	3457256
99.74	3457228
87.32	3457500
90.38	3457536
101.35	3457152
79.37	3457636
78.29	3459028
79.88	3458976
88.87	3457648
89.22	3457780
89.28	3457540
98.68	3457748
89.39	3457656
79.59	3457512
79.32	3459072
79.76	3457580
92.63	3457248
97.79	3457548
88.67	3457380
90.20	3457504
89.56	3458740
80.68	3458940
79.22	3459096
90.60	3459088
89.64	3457548
89.14	3457476
100.67	3457640
90.96	3457556
80.69	3457264
79.78	3457676
80.45	3457148
90.43	3457160
100.16	3457792
90.57	3457528
91.37	3457612
88.85	3457060
80.67	3457516
79.44	3457628
90.65	3457536
89.72	3457532
90.75	3457532
98.79	3457464
87.70	3457504
79.83	3459068
79.03	3457544
79.36	3457540
89.22	3457500
100.51	3457432
91.25	3457644
90.25	3457756
92.66	3457624
79.26	3457520
82.59	3457128
87.21	3457512
87.12	3457520
89.65	3457276
99.66	3457512
89.99	3457416
78.80	3457500
79.88	3457572
79.05	3457624
89.49	3458956
100.84	3457660
89.29	3457624
87.64	3457476
90.13	3459052
79.34	3457584
80.19	3457544
91.24	3459104
90.62	3459088
90.66	3457528
101.08	3457536
89.37	3457540
79.88	3459096
81.54	3457524
78.33	3457536
90.93	3457456
99.75	3457532
88.48	3459092
89.91	3459092
88.65	3457536
80.49	3457452
77.28	3459184
84.72	3459068
77.29	3457568
76.64	3459112
68.15	3457556
67.69	3459088
68.78	3457508
65.84	3457760
81.96	3457640
75.67	3459088
85.72	3457544
75.68	3457760
75.43	3457464
66.83	3457268
66.08	3457404
66.33	3457680
66.77	3457532
76.86	3459376
79.01	3457664
75.56	3459112
86.50	3457536
76.64	3459096
65.96	3459096
66.96	3457644
68.15	3457660
66.19	3457540
78.32	3457552
77.24	3457536
77.25	3459172
85.52	3457388
75.38	3457516
67.17	3457536
66.58	3457548
87.32	3437148
90.54	3438712
100.36	3437060
90.04	3437152
89.70	3438928
90.91	3438724
80.87	3437168
81.02	3437168
88.91	3438676
93.79	3437192
89.29	3437392
100.00	3436776
90.04	3437084
79.66	3437152
79.98	3437524
79.69	3437140
80.03	3437156
80.23	3438712
79.92	3437264
79.43	3437080
80.56	3437168
79.00	3438708
80.03	3437016
79.65	3436800
81.21	3437392
79.86	3437424
79.26	3437240
79.59	3437284
80.52	3438740
79.64	3438736
80.88	3437184
79.76	3438804
80.14	3437168
82.48	3437288
79.75	3436724
80.59	3437008
81.47	3437160
80.98	3437196
81.07	3437140
79.87	3437304
92.24	3437400
93.19	3437168
100.77	3437176
93.31	3436736
90.96	3436800
80.82	3436748
80.54	3437136
78.33	3437180
99.09	3437180
89.27	3436868
90.11	3437184
99.68	3437132
80.16	3437196
80.59	3437172
81.14	3437172
92.74	3438624
98.78	3437232
93.19	3438664
89.96	3437164
90.23	3436812
80.63	3436908
79.83	3437372
90.92	3438716
92.50	3437264
92.67	3436896
101.74	3438916
91.79	3437356
79.20	3438620
79.68	3438744
80.26	3437108
89.41	3437164
102.06	3437068
89.80	3437184
89.10	3437164
91.05	3437184
81.97	3438488
80.36	3437144
87.56	3438928
89.70	3437156
88.69	3438832
101.57	3437168
88.29	3436896
81.93	3437140
81.59	3437152
81.53	3438584
100.06	3437156
89.26	3437256
90.75	3437196
99.80	3437360
79.63	3437112
80.03	3437284
79.51	3437160
86.30	3437508
89.90	3437176
90.61	3437160
99.17	3437168
90.15	3436780
79.24	3437184
80.08	3438712
81.83	3437200
99.77	3438692
87.41	3437148
89.96	3437144
89.34	3437224
90.10	3437292
80.78	3437116
80.88	3437388
90.75	3437200
91.70	3437144
100.66	3437348
89.36	3437256
90.04	3437424
81.60	3437156
79.53	3437096
80.14	3438668
98.71	3438708
89.12	3437128
89.26	3436856
99.39	3437328
81.76	3437148
81.46	3437196
81.27	3437300
91.62	3438680
91.21	3437368
93.72	3436996
92.68	3437184
90.64	3436800
80.17	3437232
80.70	3437180
80.81	3438720
94.97	3437188
90.07	3437160
89.83	3437180
98.42	3437172
80.21	3437172
78.46	3439224
80.05	3437096
93.87	3437200
90.90	3437128
94.68	3438708
88.45	3437064
87.40	3437200
78.20	3437284
81.71	3438724
80.43	3436776
88.46	3437316
98.30	3437172
92.08	3437124
101.44	3437196
79.62	3438580
79.66	3437112
79.26	3437188
86.33	3437144
89.69	3436912
91.14	3437280
98.72	3437404
90.23	3437188
80.74	3437284
80.34	3438716
78.73	3437160
99.51	3437184
90.71	3437380
90.65	3437168
98.46	3437348
81.05	3437152
78.33	3437160
88.45	3437148
76.98	3438608
79.08	3437192
67.34	3437164
67.65	3439216
66.16	3437160
69.48	3437160
77.42	3438740
86.49	3437372
76.91	3437200
74.24	3438708
75.93	3437168
66.71	3437164
66.47	3437280
67.94	3437164
67.85	3438712
75.59	3436864
75.93	3437064
84.95	3438728
76.76	3437384
76.79	3437072
66.53	3436888
66.37	3437168
66.64	3437132
66.76	3437200
77.07	3437176
79.45	3437160
85.13	3437140
76.25	3437240
76.19	3437360
68.12	3437376
68.30	3438496
66.40	3437176
65.29	3437240
81.08	3443092
89.97	3443216
96.37	3443052
89.15	3443116
90.17	3442824
89.27	3441500
79.72	3441520
79.04	3441568
90.16	3443264
87.40	3441584
88.59	3441676
88.99	3441552
98.41	3441560
80.00	3441576
80.96	3441664
80.18	3441540
80.82	3441676
79.68	3441552
80.45	3442920
80.05	3441564
80.39	3441572
79.28	3441564
80.36	3441544
78.67	3441776
81.16	3441724
80.42	3441668
80.48	3441564
82.59	3441804
79.47	3441428
79.85	3443104
82.34	3441520
78.60	3441596
77.83	3441576
78.64	3443112
79.23	3441544
81.03	3441492
78.20	3441572
80.64	3441180
80.06	3443180
79.31	3441572
91.75	3441824
86.19	3441520
90.26	3441568
90.12	3441548
98.95	3441288
78.98	3443108
79.45	3441548
80.17	3441716
91.59	3441436
90.40	3441892
98.78	3441564
89.12	3441772
89.74	3441680
79.50	3443580
79.09	3443016
80.62	3443172
101.37	3441684
89.37	3443124
89.55	3443096
99.93	3441560
80.02	3441924
79.54	3441544
79.81	3443028
91.14	3441288
102.10	3441556
91.93	3441560
91.82	3443072
89.46	3441520
80.27	3441524
80.81	3441672
86.94	3441592
89.39	3441268
88.96	3443132
100.57	3441552
87.09	3441640
78.26	3441292
79.89	3441468
80.54	3441540
89.57	3442876
88.67	3443088
98.54	3441652
92.09	3441520
90.47	3441564
82.05	3441764
79.57	3441520
79.77	3441640
99.27	3443048
88.51	3441184
88.69	3441552
98.47	3441508
80.19	3441580
78.48	3442940
80.86	3441564
88.74	3441256
89.55	3441292
99.02	3441636
91.82	3441560
91.31	3441556
79.74	3441656
80.08	3441512
79.94	3441632
98.13	3441552
90.36	3441580
89.13	3441432
98.62	3441600
78.66	3441760
78.70	3441548
82.19	3441676
89.91	3443008
89.80	3441596
101.15	3441436
89.50	3441576
88.99	3443032
80.34	3441200
82.44	3441592
80.54	3443060
98.76	3441564
89.89	3443116
90.01	3441600
99.64	3441572
81.36	3441488
80.61	3441304
78.63	3441756
89.20	3441660
90.10	3443320
98.93	3441460
88.96	3441576
89.91	3441792
80.24	3441568
60.99	3560384
78.82	3441496
89.64	3441576
88.42	3443124
89.53	3441900
98.50	3441572
91.30	3441820
78.97	3441684
79.07	3441288
77.87	3443116
90.59	3441944
99.25	3443096
91.74	3441748
92.89	3441604
89.75	3441536
79.96	3442916
80.40	3441580
88.84	3442924
91.75	3441304
89.89	3441696
99.59	3441496
91.13	3441808
79.90	3441540
79.80	3441680
79.47	3441484
88.25	3441556
98.83	3443148
91.49	3442992
88.99	3441548
79.74	3441536
80.47	3441540
83.36	3441512
91.36	3441580
93.49	3443092
99.79	3441156
90.16	3441480
91.15	3441180
79.69	3443148
76.94	3441500
73.19	3441592
78.08	3441132
65.04	3441696
66.10	3441572
69.61	3441592
77.59	3441300
76.22	3443072
76.53	3443108
75.78	3441572
77.60	3441780
81.06	3441696
66.68	3441632
64.87	3441524
67.61	3443524
78.01	3441496
77.65	3441564
77.46	3443104
75.90	3441568
78.16	3441528
77.94	3443108
67.84	3441388
68.82	3441848
66.18	3441676
77.93	3441648
76.29	3443104
77.64	3441608
77.33	3441168
85.72	3441772
67.10	3441780
68.48	3441572
69.71	3441236
66.40	3441564
84.74	3435324
89.28	3435308
93.14	3436900
86.42	3435324
88.90	3435432
87.92	3435344
78.99	3435396
78.53	3434944
80.17	3435320
101.37	3436884
88.94	3437356
87.35	3435340
99.50	3435024
78.33	3436996
78.93	3436868
79.19	3436748
78.41	3435328
81.57	3435288
80.05	3435072
80.58	3436620
78.78	3436872
77.15	3435348
79.26	3436864
79.86	3435544
80.21	3435332
79.38	3434968
79.48	3435440
77.87	3435560
79.03	3435332
78.97	3435060
81.90	3435456
78.31	3435444
79.49	3435512
78.52	3435420
80.51	3435428
80.46	3435188
78.15	3435632
78.34	3435552
78.08	3435044
79.91	3435224
78.09	3435356
90.79	3435536
98.67	3435352
89.12	3434956
89.47	3435648
88.84	3435352
79.10	3435436
78.38	3436896
87.03	3435200
90.37	3436868
89.04	3435528
96.67	3436724
86.15	3435220
78.47	3435068
78.66	3437096
77.41	3435336
88.05	3436872
89.13	3435356
95.56	3436892
90.57	3435336
87.15	3436856
80.30	3435544
79.22	3435372
77.45	3435444
100.70	3435324
92.45	3435372
70.15	3554136
98.42	3435036
90.36	3435312
80.90	3435792
78.69	3435328
78.18	3435332
89.35	3435344
94.17	3435196
85.36	3435384
89.82	3435316
88.22	3435072
79.21	3435420
79.74	3435292
80.14	3435312
98.72	3435332
88.89	3435432
88.72	3434948
101.00	3435312
78.67	3435200
79.38	3434956
78.25	3436876
89.45	3435052
89.43	3435060
93.79	3435244
88.34	3435064
88.11	3434984
77.62	3435380
78.49	3437108
77.20	3435152
89.21	3435336
98.90	3436908
89.35	3436888
88.20	3435536
84.17	3436868
78.93	3435576
78.37	3436868
91.46	3435276
85.81	3435212
88.48	3435324
89.53	3435544
97.38	3435312
77.56	3435332
80.71	3435216
78.44	3436860
88.11	3436884
90.17	3436604
93.46	3435052
88.01	3435316
88.09	3435400
78.16	3435000
80.07	3435272
80.15	3435208
88.86	3435324
97.56	3435300
93.35	3435320
88.74	3435444
89.19	3435344
77.84	3435408
78.14	3435436
89.04	3436608
89.74	3435344
87.73	3435416
93.38	3435336
88.21	3435584
78.35	3435048
78.69	3435308
81.44	3435340
92.72	3435536
87.91	3435184
87.71	3435304
87.98	3435348
90.52	3435444
79.14	3435532
79.57	3435336
77.42	3435336
99.39	3435344
87.20	3435316
88.65	3435060
93.16	3435292
78.70	3435452
78.37	3436628
77.17	3435548
85.58	3435128
89.43	3435336
88.63	3435344
97.82	3435352
87.57	3435344
78.15	3435320
78.06	3435508
80.29	3435328
88.31	3436756
97.38	3435068
87.53	3435544
90.03	3435344
87.81	3435352
78.79	3435328
78.57	3436868
79.59	3436708
97.90	3435364
88.05	3435076
87.53	3434984
97.83	3434960
80.20	3435252
77.45	3435400
73.31	3435360
77.50	3435340
68.11	3435432
67.63	3435048
66.76	3435344
77.11	3435340
77.42	3435464
76.41	3435288
76.40	3435324
77.00	3436840
79.23	3436876
66.21	3435712
65.05	3435056
66.40	3435540
78.95	3435364
76.30	3435324
76.52	3435452
76.58	3435520
77.43	3435480
75.77	3435420
66.05	3436908
67.38	3435316
67.00	3435292
77.92	3435204
76.85	3435328
77.62	3435324
75.73	3436864
76.82	3435344
76.38	3435224
64.47	3435540
81.77	3450224
90.65	3450432
94.74	3449820
85.69	3450244
88.54	3450228
88.65	3451792
80.90	3450220
79.04	3450012
78.82	3450224
99.60	3450384
88.58	3450232
88.11	3451772
95.43	3451784
78.10	3450220
78.66	3450332
77.72	3450428
79.72	3450452
78.50	3450356
77.40	3450492
80.39	3450176
78.12	3450320
79.61	3450024
79.74	3450240
79.07	3449896
78.72	3450236
78.02	3450256
78.56	3450236
79.12	3450368
78.10	3450308
80.00	3450260
79.21	3449932
77.99	3451772
77.55	3450164
78.68	3450220
78.67	3450028
79.14	3451776
80.17	3450112
78.16	3451676
79.73	3450248
77.95	3451716
77.82	3450168
88.12	3450328
85.95	3450240
92.68	3450344
85.13	3450212
89.05	3450232
78.00	3450240
78.31	3450388
78.62	3450144
89.92	3450440
97.51	3449896
88.64	3450200
88.64	3450232
85.76	3450316
79.85	3450228
78.31	3450392
77.65	3450544
97.02	3449956
88.80	3451848
88.09	3450132
99.01	3450280
78.36	3451780
77.89	3450456
78.03	3450260
87.44	3449832
88.69	3450244
97.78	3450232
89.13	3450232
88.79	3450288
78.36	3450336
77.34	3450212
76.54	3451780
87.26	3450240
97.80	3450208
87.94	3450148
87.72	3450120
89.05	3450360
79.63	3450216
77.88	3452000
88.79	3450228
87.02	3450128
88.02	3450220
89.89	3451808
97.73	3449988
78.73	3450228
78.21	3450380
77.77	3450216
85.97	3450220
91.59	3450324
95.84	3451716
85.50	3449852
88.25	3451776
77.53	3449952
79.00	3450244
80.76	3450336
88.52	3450316
98.53	3449956
89.31	3450240
88.09	3450232
84.01	3450232
77.91	3450236
78.94	3450324
77.29	3450448
97.26	3449756
87.16	3450220
88.53	3450352
91.96	3450148
78.99	3450200
76.57	3450216
79.82	3451600
85.69	3450248
88.52	3449844
88.08	3450452
96.24	3451804
88.61	3450216
78.20	3449940
78.10	3449852
78.24	3449784
88.94	3450244
87.50	3450212
96.73	3450320
88.32	3451552
87.63	3450168
78.51	3450272
79.77	3449856
77.31	3450164
95.99	3451680
85.75	3450216
89.81	3449832
88.96	3450236
89.11	3450236
78.76	3450444
78.04	3450584
88.24	3449848
90.90	3450336
87.24	3450200
93.12	3450228
85.26	3450412
80.61	3450432
77.63	3450156
77.49	3450308
88.88	3450216
87.69	3450212
96.06	3449972
88.26	3450228
89.46	3450236
77.94	3450144
77.65	3450232
78.68	3450244
87.48	3450232
98.98	3449840
87.95	3450372
89.24	3450232
89.00	3449844
77.85	3451536
78.66	3450248
89.84	3450244
87.31	3450240
89.46	3450164
93.47	3450200
84.59	3450264
78.31	3450264
78.71	3450100
81.71	3450316
90.51	3450200
87.33	3451776
97.93	3449952
87.83	3450172
89.81	3450324
79.38	3450236
76.53	3450228
66.29	3450452
65.57	3450232
65.00	3449940
73.48	3450452
75.35	3449848
77.49	3450228
77.25	3449948
76.42	3450404
74.84	3450192
65.76	3449956
67.87	3450480
66.22	3450232
75.84	3450220
74.75	3450228
74.86	3451784
75.87	3450448
75.96	3450124
74.60	3450192
65.10	3450224
65.71	3450236
64.86	3450208
65.73	3450388
84.57	3450244
73.10	3450440
75.30	3451800
73.79	3450184
76.04	3450332
66.52	3451648
64.96	3450240
