15
16
0
0
4
14
11
8
12
14
0
0
7
8
8
0
12
7
14
15
0
10
0
6
6
14
14
0
20
6
12
1
12
0
0
8
18
14
13
0
13
13
20
9
1
0
6
0
5
10
0
13
0
0
5
0
14
8
10
7
12
10
4
12
0
9
10
12
0
11
6
0
10
0
0
5
14
12
8
0
6
6
0
13
8
1
0
0
7
0
7
0
14
0
0
12
0
0
3
10
4
0
9
6
12
8
15
15
14
0
11
8
11
6
10
9
0
6
9
0
10
12
14
0
0
1
14
0
6
13
4
14
10
7
0
10
9
12
18
14
0
0
4
0
11
14
17
12
11
0
4
0
0
0
16
0
0
0
8
7
9
0
7
8
12
12
4
17
12
0
7
11
13
0
8
0
9
0
3
0
0
0
13
8
1
3
5
12
8
4
13
0
0
6
12
0
3
0
0
14
0
2
1
5
16
11
9
0
0
5
0
3
0
0
0
12
6
11
11
4
0
11
6
7
0
0
0
3
3
11
1
4
0
8
14
0
4
12
0
8
12
12
11
0
3
0
2
0
8
3
2
9
0
12
13
0
9
13
0
0
10
5
10
6
0
5
0
10
9
5
6
0
6
14
0
10
0
13
10
3
7
0
0
0
5
8
6
11
9
1
0
16
0
6
5
12
9
9
11
0
