15
15
14
2
9
13
11
12
11
14
9
12
6
6
8
6
11
6
13
14
4
10
9
5
5
14
13
4
15
5
13
1
10
12
7
7
17
14
14
9
12
13
19
12
7
8
8
11
3
9
18
12
10
12
8
10
13
8
9
6
11
9
10
12
11
10
8
10
4
11
7
18
10
4
7
9
13
11
8
13
8
5
10
12
11
2
4
13
6
6
6
11
14
6
4
13
3
6
2
11
5
11
8
4
10
6
13
14
14
7
10
7
10
5
9
13
5
14
7
11
10
13
14
5
13
13
13
14
6
12
9
13
11
6
11
8
8
12
17
13
9
0
12
13
16
13
16
12
11
9
3
4
7
14
15
8
13
8
7
12
7
13
5
7
12
12
5
16
12
7
7
12
12
2
9
10
8
3
7
11
9
5
13
8
16
8
5
11
7
12
13
3
13
5
12
10
2
6
12
13
4
1
6
10
15
11
12
7
3
4
5
2
12
4
14
12
4
11
11
11
9
10
4
5
7
8
4
4
9
11
3
6
12
7
14
13
5
11
11
7
11
12
9
13
8
7
8
8
8
7
11
8
5
11
13
4
8
13
4
2
9
13
10
5
11
11
8
10
8
5
5
10
12
12
10
10
1
11
9
4
6
4
4
4
8
8
7
10
8
2
6
15
16
4
6
11
8
14
14
12
