4.68
4.27
3.45
4.42
4.18
4.40
4.48
4.19
4.18
4.32
4.31
4.16
4.40
4.16
4.13
4.15
4.18
4.23
4.42
4.39
4.30
4.52
4.22
4.31
4.28
4.08
4.43
4.39
4.18
4.26
4.53
4.32
4.25
4.38
4.15
4.34
4.40
4.22
4.09
4.35
4.41
4.28
4.46
4.19
4.10
4.38
4.15
4.20
4.52
4.23
4.14
4.47
4.23
4.18
4.49
4.31
4.34
4.38
4.28
4.22
4.46
4.21
4.45
4.41
4.17
4.33
4.59
4.36
4.17
4.62
4.12
4.51
4.40
4.05
3.89
4.05
4.43
3.97
4.22
3.52
4.10
4.29
4.35
4.35
4.18
4.03
4.04
4.18
4.35
4.96
4.63
4.44
4.30
4.56
4.15
4.74
4.39
4.14
4.70
4.56
4.34
4.04
4.42
4.07
4.23
4.58
4.16
4.02
4.39
4.32
4.18
4.31
4.22
4.12
4.29
4.08
4.21
4.52
4.22
4.09
4.48
4.25
4.23
4.32
4.17
4.18
4.39
4.10
4.30
4.30
4.09
4.08
4.43
4.27
4.23
4.58
4.16
4.17
3.98
4.17
4.23
4.38
4.09
4.29
4.29
4.08
4.20
4.49
4.09
4.26
4.31
4.15
4.46
3.87
3.70
4.20
4.18
4.42
4.53
4.18
4.44
4.16
3.99
4.22
4.26
4.09
4.48
4.14
3.59
4.38
4.08
4.15
4.36
4.24
4.21
4.39
4.29
4.38
4.38
4.10
4.01
4.32
3.74
4.12
3.88
4.11
4.23
4.32
4.35
4.13
4.50
4.17
4.09
4.29
4.20
3.92
4.18
4.04
4.17
4.37
4.25
4.03
4.44
4.09
4.10
4.50
4.30
4.06
4.39
4.29
4.14
4.23
4.42
4.13
4.45
4.16
4.11
4.55
4.19
4.14
4.35
4.23
3.96
4.40
4.11
4.00
4.25
4.39
4.22
4.61
4.16
4.17
4.37
4.08
4.28
4.46
4.50
4.28
4.44
4.18
4.21
4.44
4.30
4.17
4.53
4.08
4.17
4.45
4.25
4.12
4.48
4.28
4.19
4.47
4.12
4.10
4.45
4.37
4.33
4.47
4.30
4.22
4.51
4.64
4.02
4.49
4.10
4.13
4.57
4.33
4.18
4.51
4.20
4.31
4.41
4.34
4.09
4.48
4.12
4.29
4.35
4.26
4.35
4.29
4.21
4.32
4.47
4.36
4.19
4.48
4.08
4.23
4.52
4.06
4.13
4.50
4.29
4.19
4.46
4.18
