5.71
5.11
5.17
5.14
5.19
5.20
5.18
5.03
5.14
5.14
5.19
5.29
5.23
4.93
5.14
5.13
5.11
5.12
5.08
5.12
5.05
5.06
5.09
4.93
5.04
5.06
4.97
5.00
5.06
5.06
5.14
5.06
4.99
5.14
5.09
5.17
5.04
5.02
5.06
5.08
5.11
4.96
5.24
5.12
5.10
5.13
5.02
5.04
5.07
5.11
5.03
4.80
5.13
5.08
5.21
5.28
4.86
4.98
5.43
5.07
5.20
5.18
5.20
5.21
5.33
5.10
5.23
5.15
5.37
5.17
5.11
5.04
5.17
5.19
5.07
5.03
5.16
5.09
5.21
4.95
5.31
5.14
5.24
5.23
4.95
5.13
5.04
5.08
5.12
5.05
5.02
4.98
5.21
5.04
5.71
5.00
5.05
4.84
4.88
4.94
0.00
0.00
0.00
2.85
5.59
5.33
4.99
4.39
1.59
1.99
1.55
1.47
1.91
1.55
1.49
1.82
1.43
1.19
5.13
4.30
1.39
3.94
4.32
4.60
3.56
4.15
4.51
4.30
4.25
4.48
4.26
4.31
4.48
4.16
4.11
4.49
4.20
4.19
4.45
4.27
4.26
4.64
4.28
4.14
4.41
4.03
4.11
4.55
4.16
4.12
4.42
4.20
4.05
4.27
4.30
4.12
4.32
4.25
4.23
4.38
4.23
4.16
4.44
4.07
4.09
4.39
4.13
4.32
4.54
4.06
4.23
4.46
4.17
3.96
4.52
4.05
4.19
4.47
4.06
4.56
4.46
4.59
3.50
4.43
4.20
3.29
4.25
4.07
3.87
3.38
4.27
4.11
3.40
3.45
4.01
4.48
3.67
3.40
4.21
4.08
3.45
4.18
4.30
4.42
3.38
4.02
4.24
4.17
4.17
3.61
4.13
4.39
3.35
3.24
4.15
3.52
4.05
3.90
4.32
3.66
4.29
3.28
